840 1153
426 646
81 230
751 66
440 391
813 26
686 594
344 357
795 563
39 516
719 804
266 302
463 840
491 539
596 328
823 300
454 140
623 65
278 671
326 48
226 796
471 520
394 453
492 244
734 384
670 640
181 448
138 268
37 600
100 634
633 672
20 220
69 501
365 39
777 723
189 269
540 82
71 78
216 520
466 44
405 793
231 337
385 455
384 327
692 743
650 622
763 676
372 134
518 685
170 311
814 169
718 169
543 778
811 291
201 314
123 345
710 584
30 419
421 529
421 333
648 361
65 645
538 638
179 172
538 337
87 480
393 761
339 222
834 634
502 394
29 806
761 688
317 466
509 656
717 163
814 538
54 369
664 37
93 284
250 820
632 278
428 293
330 533
564 518
184 630
820 485
235 18
769 687
701 90
576 290
609 436
621 198
562 441
338 656
303 451
177 288
492 640
469 26
310 196
596 435
333 819
543 510
6 58
747 595
535 665
359 430
342 791
703 455
354 360
114 197
528 23
4 237
205 562
610 537
626 392
792 97
474 548
548 769
463 154
824 553
264 329
222 634
837 144
600 565
309 182
277 823
562 315
47 735
298 725
632 600
451 563
681 415
317 409
608 156
129 57
795 46
715 165
447 654
798 738
451 331
302 422
322 623
370 221
604 404
12 62
435 566
555 79
501 572
139 175
250 815
227 217
346 596
632 327
33 394
541 499
410 307
455 269
617 380
170 50
391 204
240 768
808 839
255 313
767 372
171 751
399 336
176 7
818 92
474 687
48 324
712 653
133 560
235 264
570 707
214 549
759 613
445 354
11 334
688 340
192 233
469 49
465 113
735 330
668 89
553 301
264 387
739 721
796 478
479 745
28 573
601 357
250 822
269 773
583 471
584 809
307 566
129 520
687 669
200 669
104 626
208 108
526 334
407 236
773 154
558 2
585 552
273 8
839 341
563 124
832 570
359 481
364 665
479 211
675 212
398 454
594 167
208 59
175 360
331 699
830 453
644 155
34 174
635 246
501 19
668 517
279 538
466 259
315 699
211 806
347 199
775 134
787 369
763 167
233 266
676 503
150 594
39 351
712 295
623 795
5 534
51 817
314 390
243 276
560 498
665 60
379 349
324 253
673 821
681 768
232 32
317 530
58 730
219 661
734 212
728 187
79 373
604 468
659 492
90 585
788 200
414 305
531 532
696 319
531 51
418 231
286 803
332 359
19 433
518 480
770 604
571 619
270 730
490 500
642 281
264 819
127 564
304 147
146 395
475 786
822 373
120 396
362 202
538 426
288 525
49 161
716 56
278 275
298 248
258 173
817 780
369 557
545 160
452 404
187 546
350 480
140 501
13 833
421 836
383 413
523 171
729 607
244 254
828 264
652 165
125 97
647 606
576 229
140 58
828 769
328 36
426 3
248 554
158 138
202 386
430 380
95 477
827 788
726 728
528 550
251 332
317 483
585 285
425 48
412 375
535 354
653 19
616 326
426 790
225 670
15 302
719 26
214 62
529 162
8 578
540 395
518 422
286 163
206 356
305 555
510 337
252 738
385 769
219 528
287 470
274 358
58 203
5 631
199 778
617 613
155 674
340 772
607 256
472 10
712 655
259 253
249 125
105 347
298 740
599 10
87 435
64 281
356 335
262 96
103 275
540 462
32 580
232 173
281 8
136 773
29 336
290 122
777 717
825 305
353 364
744 322
811 191
692 735
321 155
504 421
463 575
681 322
64 459
475 356
49 409
418 569
738 418
826 459
827 386
651 345
463 144
265 332
672 796
588 213
245 537
704 155
677 199
725 192
586 42
349 9
447 773
321 46
559 545
228 149
796 730
670 409
431 453
364 809
242 212
377 828
351 769
583 302
288 256
759 10
130 767
198 252
242 389
578 562
188 297
149 318
148 810
738 22
802 332
522 161
507 613
358 588
67 826
584 247
535 388
96 118
214 633
326 698
112 325
141 781
366 509
331 549
393 546
347 463
27 185
231 664
130 257
128 716
259 744
441 525
794 485
824 312
169 106
348 635
562 437
114 602
568 661
527 154
62 806
304 753
574 705
795 137
781 248
814 158
65 58
590 466
367 607
157 736
93 460
485 110
96 614
45 452
525 554
136 615
587 143
224 344
38 623
439 566
273 111
647 451
71 149
542 47
836 264
351 494
826 726
462 231
126 758
16 545
317 449
64 555
393 555
259 614
653 105
617 600
600 298
828 677
650 527
830 129
185 267
196 454
827 558
328 747
287 784
775 569
415 27
529 88
74 462
696 2
439 588
406 604
71 617
782 537
49 79
600 19
805 667
784 838
840 245
597 296
279 681
362 495
761 461
467 809
196 25
400 657
731 574
228 664
379 127
220 837
22 473
348 676
716 763
102 139
399 469
343 663
197 760
104 442
838 451
348 706
446 689
170 457
438 737
798 114
822 31
347 242
524 131
387 37
782 81
73 751
446 372
658 613
22 15
679 39
20 416
291 840
4 314
148 380
556 39
360 786
603 254
119 795
408 437
280 490
130 572
594 458
681 557
654 49
724 780
127 616
746 836
838 399
806 774
520 586
765 246
656 342
304 489
528 53
508 403
137 356
554 151
301 681
648 464
469 557
743 585
760 190
469 692
219 513
103 576
785 775
341 33
770 411
655 672
756 42
751 637
694 71
261 213
163 70
355 221
750 372
638 711
208 242
380 179
151 159
164 445
119 51
677 580
768 288
233 93
567 380
638 20
243 285
760 805
757 701
731 464
197 601
111 797
297 126
748 67
371 311
192 616
309 722
674 676
419 270
395 231
72 675
639 208
18 697
767 331
334 339
819 378
84 193
307 290
134 663
668 782
690 649
719 489
295 540
216 150
577 448
412 742
631 89
683 480
193 227
257 345
789 777
254 528
84 715
207 463
680 201
154 671
603 408
456 668
710 625
539 637
129 383
644 586
338 514
422 511
323 673
93 405
3 269
699 791
367 92
729 704
24 706
96 254
560 781
737 385
231 162
784 490
593 91
708 660
783 279
728 775
217 333
174 84
93 659
33 401
696 441
231 51
704 304
284 481
811 571
553 260
333 382
555 239
31 53
126 440
629 243
443 759
832 795
825 30
389 741
62 396
589 377
807 113
64 230
497 216
277 63
229 122
267 435
105 164
288 286
513 490
460 490
36 223
458 804
462 331
563 681
53 154
132 148
76 812
567 200
682 24
698 613
778 575
502 349
699 834
421 19
140 341
565 25
749 343
672 95
352 529
305 821
741 294
774 636
256 365
703 175
800 82
135 581
412 301
9 677
343 493
496 205
766 280
10 580
813 22
195 610
569 177
166 381
272 804
405 530
296 459
429 579
741 10
227 626
787 453
416 422
345 576
419 201
205 530
68 694
478 542
819 128
76 732
549 162
464 82
323 46
631 505
388 394
462 586
508 785
810 775
569 549
193 688
454 554
492 505
769 504
370 150
68 22
94 292
155 799
69 476
645 643
208 401
311 435
526 305
68 211
609 121
21 297
333 420
110 344
82 515
140 178
681 107
598 647
196 107
91 222
346 586
46 483
542 50
470 703
353 309
792 509
469 256
253 536
398 467
810 531
106 89
833 767
731 388
227 279
110 398
249 450
243 471
193 768
346 819
235 299
453 809
640 507
768 160
635 692
290 700
721 476
67 749
558 467
519 390
664 515
710 53
782 559
281 581
5 225
324 703
773 747
373 333
407 79
574 645
570 184
685 215
75 580
393 356
353 122
32 702
159 315
735 694
796 404
738 547
723 739
694 61
658 690
59 669
800 104
125 424
833 416
613 163
653 246
573 145
52 89
314 423
781 81
56 421
746 812
180 60
12 337
654 672
333 168
365 595
236 298
648 411
29 218
642 260
137 427
542 358
310 596
216 400
682 683
508 414
438 301
319 738
546 277
379 679
186 707
197 24
394 143
602 616
795 682
347 465
279 241
734 516
383 596
787 234
782 349
774 398
717 374
209 371
13 98
165 357
57 429
687 507
727 317
579 468
766 328
347 251
511 543
257 466
140 242
146 477
818 710
275 332
65 788
796 155
672 425
534 540
612 161
207 591
292 587
419 610
224 85
91 635
206 798
439 779
554 274
162 819
50 221
323 550
733 803
190 531
545 374
799 222
143 69
294 783
749 181
791 275
234 229
770 723
762 417
261 747
818 335
628 81
250 475
692 551
816 151
468 256
247 468
183 67
793 494
30 621
95 665
658 346
44 124
630 320
672 23
220 798
550 292
505 243
225 726
395 523
306 172
825 463
81 574
389 163
32 172
614 724
87 654
365 488
699 581
692 101
391 470
597 77
172 579
608 687
686 670
673 666
499 218
765 755
827 156
410 252
703 154
702 700
206 193
276 393
779 411
49 812
405 235
336 217
547 730
44 828
780 809
450 388
750 517
91 701
16 113
457 634
468 675
494 693
687 288
834 223
659 807
488 195
538 319
832 427
560 437
494 352
436 626
618 832
185 359
586 3
326 241
109 256
194 284
145 133
174 624
451 191
629 246
649 488
793 518
644 798
652 818
149 164
153 91
203 692
135 189
604 627
706 122
319 427
548 484
296 738
437 96
392 669
542 643
318 692
462 825
232 736
339 324
656 727
651 473
595 492
611 527
547 369
106 227
406 832
738 656
111 77
488 495
576 794
98 466
399 757
551 200
284 834
456 218
460 101
328 8
569 513
297 644
796 781
465 630
349 63
763 777
785 352
138 834
830 667
532 314
681 91
718 319
160 143
454 262
448 89
477 756
705 7
783 96
498 228
745 441
239 447
74 15
558 675
210 476
78 814
488 198
754 53
554 210
540 247
722 710
191 636
46 361
37 677
279 170
563 484
569 709
599 310
766 503
62 248
487 305
630 353
469 83
405 818
804 254
142 384
584 227
777 769
365 824
359 691
634 95
396 711
654 814
766 663
395 419
784 54
235 120
13 27
348 697
768 226
784 519
743 617
119 400
609 140
256 399
808 246
613 300
207 392
233 41
2 170
539 152
213 446
467 254
665 468
280 641
197 801
254 281
127 21
389 451
197 93
576 572
171 296
595 242
206 714
237 45
752 105
223 220
576 499
484 196
659 206
765 736
771 208
318 490
460 113
829 672
60 576
193 704
778 182
100 833
784 498
260 11
106 388
303 300
355 143
761 126
157 776
479 36
615 603
24 187
640 397
797 261
741 814
311 579
23 686
324 707
666 778
736 94
353 651
172 790
55 377
