926 2646
361 589
588 91
554 71
270 199
385 176
721 107
758 144
856 152
308 722
517 482
7 303
814 17
599 688
321 857
412 688
271 128
916 768
561 793
120 439
141 95
714 316
578 41
431 447
291 799
21 271
458 379
225 7
872 464
581 354
69 823
145 710
538 183
652 582
307 651
35 147
438 289
495 432
463 236
11 874
191 829
674 924
818 627
395 408
613 915
60 402
525 3
292 577
14 455
200 596
610 864
756 617
512 471
581 890
764 903
107 365
129 323
791 305
338 59
135 814
504 506
824 451
788 553
435 771
848 313
630 1
103 761
850 747
742 400
581 617
584 451
696 765
491 165
311 342
445 652
631 34
886 302
462 411
111 517
203 876
259 485
83 745
784 9
914 667
12 208
553 393
737 612
800 339
637 555
339 827
834 588
317 792
655 590
431 485
343 792
269 917
821 664
71 852
822 178
350 783
472 153
578 165
92 312
686 759
548 15
838 68
771 310
647 45
704 621
334 216
715 483
302 667
251 113
118 75
604 571
648 837
501 917
323 214
205 849
109 4
705 773
705 328
779 404
413 38
788 881
350 129
632 40
316 785
741 133
525 761
468 543
91 397
367 253
584 376
355 378
30 653
184 61
845 312
20 231
763 781
837 601
470 745
163 614
577 341
388 897
722 852
444 147
726 116
263 910
68 681
144 618
191 262
5 152
460 504
462 492
262 761
871 880
106 865
53 583
829 571
511 85
566 474
380 361
57 826
292 762
22 402
387 627
634 241
64 841
356 799
674 14
806 289
325 291
576 367
61 883
63 14
374 250
865 196
693 349
725 875
200 83
343 59
353 555
100 1
135 439
819 383
864 153
247 67
380 526
731 286
878 532
130 302
160 911
787 145
494 38
481 648
726 902
322 344
697 380
772 541
573 220
647 893
635 472
642 702
189 716
141 336
681 830
59 894
524 753
136 283
46 439
472 745
845 291
539 600
373 738
814 24
619 416
213 900
142 79
880 143
431 627
113 858
352 803
730 141
524 245
411 122
601 363
413 914
13 429
508 715
89 575
787 775
756 555
5 334
300 868
7 585
184 106
773 841
424 96
118 120
871 33
303 926
87 392
471 553
807 915
205 860
918 242
101 795
246 220
375 838
393 371
366 265
144 711
859 29
92 63
241 723
242 450
766 662
307 591
491 884
920 321
150 586
526 566
710 73
566 888
150 549
847 63
432 501
567 300
495 600
207 289
810 457
888 478
66 156
206 531
740 921
672 228
375 416
477 813
111 891
331 177
668 16
617 770
398 817
638 573
423 892
275 748
723 512
924 647
359 623
543 522
782 342
786 672
89 368
604 740
92 593
37 523
259 759
847 441
81 94
561 547
915 480
439 792
355 792
925 156
764 337
325 70
589 15
856 634
560 214
484 835
621 382
192 181
70 282
143 112
348 595
592 465
133 74
173 35
46 135
238 492
154 880
212 783
284 748
485 317
325 611
253 305
258 105
99 74
634 579
67 779
875 96
842 564
140 74
249 167
500 219
873 410
489 385
3 255
312 228
437 348
771 641
706 151
462 332
559 870
302 143
471 390
570 658
243 703
520 335
576 892
829 134
80 651
787 622
256 332
862 555
705 524
590 908
116 757
547 395
325 910
141 817
58 779
723 535
251 640
520 256
129 407
607 580
132 559
133 882
632 762
346 656
3 164
666 364
688 651
871 405
554 569
506 272
641 683
897 336
774 649
331 881
43 356
850 876
118 493
215 503
324 347
783 897
36 845
533 393
797 260
10 573
809 769
153 397
79 277
155 588
301 432
894 99
720 174
21 583
650 137
262 110
79 588
232 259
290 843
292 440
280 708
652 479
235 911
507 738
290 923
718 477
81 435
380 700
199 50
332 196
776 93
895 806
231 40
343 833
401 882
224 218
741 875
922 23
300 871
377 505
432 892
782 571
738 15
90 421
37 53
466 10
304 241
693 308
70 858
749 258
643 726
718 883
23 536
519 774
654 303
79 138
751 420
790 650
239 368
828 102
477 112
351 252
64 411
35 266
607 410
3 767
170 117
482 537
854 459
841 70
913 689
223 573
635 216
427 511
130 483
226 344
700 439
891 598
170 294
178 797
440 168
531 812
610 719
76 247
833 865
812 776
320 513
542 492
321 248
356 668
36 175
490 77
117 926
316 98
615 638
891 75
358 385
506 22
364 531
348 802
256 875
792 152
776 114
65 29
545 480
431 848
50 545
603 795
753 904
661 442
866 233
404 24
8 171
11 771
118 658
420 184
220 781
902 122
689 753
912 272
531 604
737 749
258 738
379 683
56 352
314 50
351 284
763 251
60 143
218 572
60 738
770 758
799 291
159 479
913 683
186 916
390 779
427 482
211 337
731 871
169 740
259 317
449 223
433 754
473 209
405 226
133 429
728 345
266 184
68 108
401 410
192 586
652 175
371 4
660 788
812 498
245 773
286 691
782 852
548 127
606 120
627 21
139 79
321 442
902 303
841 265
328 574
516 876
884 745
8 700
529 337
698 495
825 688
33 261
35 617
436 179
292 853
258 910
833 289
119 914
263 419
48 907
342 376
492 255
437 420
42 185
600 56
502 39
582 790
612 896
278 57
813 151
496 847
178 824
274 816
167 798
133 666
729 630
20 727
348 524
702 405
223 210
522 775
158 829
836 382
676 493
70 348
904 656
545 585
32 118
456 834
825 4
660 632
239 756
251 554
382 154
343 65
536 192
921 681
598 376
64 379
890 14
908 46
358 646
144 681
658 248
362 717
784 740
273 158
348 758
738 74
369 226
170 469
245 677
322 741
434 350
714 380
522 68
545 301
379 243
307 590
539 382
338 661
317 559
47 79
608 640
422 587
885 535
500 385
390 672
34 406
572 922
615 649
854 98
348 169
665 716
5 302
852 60
803 39
332 2
98 710
467 797
472 506
128 551
418 138
165 628
4 377
889 367
318 849
136 838
378 307
699 417
520 322
247 360
312 819
68 144
366 14
666 205
426 163
709 348
339 104
655 822
692 556
453 16
825 466
277 530
221 20
371 443
461 80
706 896
670 682
692 723
18 821
259 37
462 330
67 547
434 5
418 244
512 722
296 489
761 763
872 914
134 557
528 820
397 341
658 705
510 705
829 253
886 781
709 780
690 750
209 632
487 409
398 268
185 782
39 42
189 409
647 886
537 804
560 38
554 711
314 800
187 18
851 123
745 540
376 526
379 778
158 74
258 206
298 130
559 108
139 593
253 158
271 341
844 441
221 501
293 605
668 514
618 641
302 110
32 169
580 313
69 899
163 292
97 56
471 221
599 235
765 148
398 390
130 214
370 755
605 69
155 808
779 751
377 86
838 325
841 487
548 906
381 284
570 590
112 618
868 786
530 336
309 810
18 713
521 725
886 799
226 292
818 96
818 429
90 534
639 136
73 821
242 795
426 921
925 793
72 422
745 829
828 514
319 236
82 844
731 345
236 486
904 794
39 243
97 19
243 867
869 32
889 815
546 5
566 192
89 764
199 52
538 315
630 504
278 699
374 751
854 240
692 203
747 797
768 166
751 262
735 23
590 484
560 260
689 159
873 29
546 173
718 290
701 442
403 363
625 815
842 454
739 565
153 749
761 512
874 43
178 437
452 788
863 668
737 341
752 535
369 217
424 71
377 334
464 755
721 463
178 74
714 735
917 384
632 862
525 474
482 820
211 238
836 848
468 842
454 664
915 269
386 709
832 547
558 840
577 916
599 723
796 143
532 380
876 409
123 808
272 312
439 531
227 643
89 336
164 763
914 794
847 806
115 793
924 608
669 878
874 605
909 533
272 17
290 797
793 4
315 149
251 909
567 899
548 759
735 439
129 156
348 256
424 422
776 219
119 583
356 320
800 193
13 172
160 352
824 605
141 845
623 258
813 400
172 869
256 713
430 495
841 388
624 20
824 1
917 402
688 139
339 486
478 263
326 223
901 910
669 792
13 852
711 125
306 692
346 377
532 528
884 42
383 363
476 159
519 533
604 42
76 610
264 310
586 178
752 193
310 274
755 855
358 46
911 507
342 793
417 3
734 64
789 795
404 661
314 64
352 243
252 12
26 131
579 427
782 129
312 150
776 122
315 342
764 575
17 394
757 157
372 39
601 897
857 303
896 136
241 495
521 192
425 782
303 674
579 685
637 734
916 42
537 448
149 607
761 692
758 518
392 817
163 367
197 713
280 529
45 314
145 554
866 193
425 275
209 847
393 826
397 870
748 559
433 102
52 86
328 833
534 76
519 103
353 847
764 788
502 359
219 802
328 720
166 69
822 644
82 611
51 135
270 825
115 559
888 824
9 196
908 541
692 335
401 847
365 97
293 624
158 125
91 10
336 435
868 711
335 655
726 21
144 776
825 913
60 690
848 286
59 914
463 522
393 29
583 336
737 864
497 81
885 403
686 348
561 520
637 306
250 52
875 613
77 806
336 283
220 120
746 365
310 105
94 330
591 583
665 820
264 678
689 48
466 565
710 654
808 504
827 608
348 674
294 779
190 183
363 915
768 444
498 884
866 620
287 50
863 357
461 891
389 884
852 380
266 891
140 203
397 926
567 326
325 179
254 583
76 662
391 93
393 15
253 575
786 27
651 160
326 821
609 498
738 726
812 177
542 543
300 912
172 605
794 18
123 867
164 490
137 712
356 273
733 23
551 48
594 913
645 59
743 776
194 794
176 305
306 611
641 217
113 842
595 466
518 16
122 603
810 888
49 26
549 898
235 499
888 487
673 717
693 381
16 892
254 625
148 265
367 745
723 864
118 161
908 246
915 339
700 715
648 545
902 289
740 785
651 227
364 651
564 768
749 402
279 484
762 408
156 676
131 19
861 84
459 605
354 759
260 922
624 83
19 286
169 570
115 223
295 46
281 369
307 27
145 735
207 498
526 66
35 677
736 347
266 473
272 826
864 511
846 259
497 336
741 599
220 759
796 883
565 788
474 23
221 521
644 167
278 101
188 552
887 500
600 909
894 125
696 844
5 531
919 882
318 730
233 684
767 46
254 904
204 351
834 620
27 175
321 765
236 488
186 283
276 726
98 562
834 72
488 409
1 616
755 131
901 379
776 81
560 878
410 537
51 520
638 716
514 765
677 287
109 258
56 295
57 159
239 212
459 223
406 826
557 538
61 469
834 362
874 280
506 869
91 453
844 202
521 742
483 34
857 804
649 77
253 361
18 229
736 216
402 68
918 357
258 527
607 906
176 468
436 283
539 887
800 78
784 904
513 868
38 825
99 317
287 901
437 250
427 540
460 647
489 862
576 341
332 316
49 818
883 280
123 564
653 489
863 453
686 737
799 877
864 147
547 467
508 685
234 736
24 564
467 507
852 793
273 212
455 819
45 616
619 466
126 621
661 212
24 797
792 466
518 861
481 599
377 883
742 634
287 223
698 798
401 118
440 439
27 771
377 279
910 875
801 501
453 229
769 748
862 822
404 20
867 148
639 55
306 457
114 276
137 845
122 38
265 494
587 776
557 515
538 482
429 851
398 758
402 887
392 748
196 78
220 239
166 312
25 661
444 487
31 650
858 466
412 837
234 424
306 781
203 254
306 784
802 840
230 99
162 204
772 917
467 131
573 527
855 158
210 682
447 811
359 15
641 343
733 650
83 617
840 17
2 81
77 769
25 496
577 790
506 317
800 500
713 502
52 702
36 208
350 447
228 696
337 922
118 636
914 781
607 221
681 558
4 550
495 27
685 665
924 631
230 245
643 395
675 72
859 743
586 798
695 448
786 259
278 607
10 668
427 198
359 771
912 619
602 878
141 749
551 634
733 883
294 170
744 9
135 467
817 707
621 136
434 703
589 713
827 188
485 235
142 434
323 834
419 190
368 444
609 394
224 523
480 432
262 877
709 193
840 176
398 150
825 426
592 806
873 456
446 674
765 277
548 336
906 295
662 594
285 806
62 763
819 49
734 416
679 609
43 169
207 288
923 909
523 504
359 542
86 178
911 903
64 830
11 586
892 382
586 458
343 465
809 854
603 712
32 670
165 456
42 855
25 746
152 8
390 872
296 417
457 477
112 603
847 712
189 323
836 788
583 194
767 892
916 146
787 146
383 40
852 33
467 462
673 271
394 303
163 284
878 704
593 560
119 690
63 385
196 732
58 864
238 153
221 191
791 247
463 358
396 394
566 427
716 33
529 95
516 907
727 618
51 688
342 369
607 31
681 522
591 11
370 445
24 248
207 616
759 47
543 830
782 727
643 15
352 917
405 694
263 696
165 506
39 401
81 525
356 363
214 803
126 897
881 444
441 56
391 734
141 157
71 476
527 894
299 71
881 684
712 919
325 518
267 47
151 142
847 45
524 817
45 285
600 886
180 516
148 557
813 898
381 40
172 160
11 226
215 2
187 715
297 722
764 652
304 178
198 73
715 900
26 573
145 624
552 828
242 757
278 415
280 42
816 172
709 273
782 31
621 205
399 884
921 758
807 632
8 815
568 225
915 895
101 453
377 836
303 227
201 311
814 142
528 275
909 138
878 585
841 871
698 687
718 554
6 678
647 684
154 534
247 392
250 514
596 847
370 138
355 283
363 220
282 514
541 566
820 6
218 464
436 271
726 216
480 918
66 713
378 727
895 110
692 879
605 730
418 721
680 228
148 570
685 559
350 34
902 424
263 358
411 377
451 820
501 285
877 486
21 102
628 924
109 289
664 903
39 76
647 269
447 913
333 779
275 669
608 686
645 344
269 581
819 544
180 850
14 265
872 116
695 376
824 210
832 224
336 389
705 766
195 458
859 115
174 563
739 521
738 515
785 900
150 509
209 282
798 583
545 720
360 623
891 382
165 74
522 737
243 16
315 687
614 1
212 427
587 97
401 345
111 9
573 377
629 661
303 278
416 122
793 595
276 161
339 610
285 920
30 31
346 614
812 245
152 286
578 93
135 917
40 475
907 869
361 706
532 638
184 793
919 194
870 845
674 357
288 823
556 718
278 854
926 23
547 267
331 110
539 517
67 34
856 244
566 323
252 740
589 525
473 676
55 401
826 695
711 337
480 269
772 270
897 477
129 128
131 164
314 140
886 725
463 891
69 901
451 470
640 377
679 583
94 61
13 158
815 456
195 16
68 802
316 913
907 168
38 591
175 277
695 9
643 63
63 126
600 565
478 217
696 873
893 566
326 425
49 532
712 617
913 694
535 219
646 314
280 725
504 435
853 232
450 819
52 438
859 405
806 747
720 360
579 447
778 597
268 523
654 878
16 505
384 791
761 528
340 149
379 527
824 919
240 758
171 788
175 197
803 334
715 464
40 643
864 661
245 764
845 288
614 739
341 99
255 120
52 811
332 298
637 230
359 579
90 558
860 395
200 908
407 884
562 559
600 515
801 83
603 740
484 201
858 474
105 898
142 313
570 899
40 276
461 860
674 504
654 713
217 579
107 748
37 190
846 810
794 468
371 710
744 364
299 552
122 704
891 50
637 255
12 838
861 833
721 761
593 716
776 124
37 442
482 245
692 176
203 715
318 855
374 398
711 5
612 1
888 447
290 264
765 435
663 841
44 645
284 302
451 208
12 232
233 611
711 604
166 290
4 153
687 307
571 1
583 744
323 398
417 162
455 704
332 827
557 761
889 312
615 504
817 852
616 429
125 289
72 328
435 428
419 166
628 392
429 747
116 286
743 708
524 338
51 579
757 247
223 650
706 189
214 475
74 563
271 255
111 650
261 378
430 9
438 89
739 761
353 12
887 28
766 616
911 828
329 464
312 173
885 38
812 855
910 252
145 70
306 372
484 826
729 128
713 401
401 282
811 780
813 491
906 863
720 264
675 406
703 612
879 670
738 919
192 133
47 679
160 777
37 894
336 816
26 20
394 109
534 850
518 439
925 431
285 453
582 613
767 555
308 524
202 708
719 482
224 697
280 774
338 443
598 816
620 37
452 12
287 536
678 333
679 337
115 663
48 394
692 601
73 789
499 357
351 652
817 662
694 226
89 450
91 516
328 347
368 135
61 689
44 399
190 506
14 249
487 686
92 387
496 150
153 1
559 82
69 65
619 847
307 555
783 538
19 274
767 375
356 36
709 173
303 74
31 433
480 158
722 629
423 669
101 189
807 451
674 327
109 429
201 490
538 253
918 602
524 627
83 216
817 341
113 90
875 321
289 617
219 410
823 859
510 264
134 696
506 656
676 801
753 527
298 100
342 101
89 903
291 520
371 301
887 262
863 30
251 439
825 254
333 484
336 392
905 182
523 579
367 398
206 5
562 586
562 567
535 72
408 441
7 190
689 419
560 695
802 335
352 362
292 672
481 387
392 546
467 669
324 132
587 195
915 389
239 491
297 708
796 384
708 290
818 917
530 340
125 464
201 288
379 412
136 459
29 85
327 773
882 9
183 353
745 633
449 450
106 744
766 257
766 302
98 577
688 417
247 14
29 375
106 52
841 484
877 915
913 602
643 186
112 621
622 665
849 47
902 51
460 738
330 225
639 745
743 344
309 823
157 917
461 604
741 687
725 400
854 331
283 799
175 805
625 623
848 112
132 329
81 713
171 229
785 834
420 342
828 443
907 717
464 845
140 853
87 446
696 488
160 822
334 626
460 793
599 916
431 518
152 637
153 745
761 636
8 36
407 164
671 392
158 341
204 306
291 289
846 45
23 803
129 213
709 327
804 671
276 58
350 449
5 95
365 731
559 151
743 497
89 230
92 520
510 220
284 526
367 679
762 711
122 685
110 614
16 396
164 583
805 735
574 757
849 487
26 221
559 501
780 454
533 522
406 383
394 907
490 113
18 322
330 13
832 780
197 315
566 619
736 675
455 40
152 577
79 827
78 255
660 42
107 649
482 749
56 335
919 519
384 785
832 729
521 496
579 70
621 884
361 691
179 11
71 564
885 224
632 572
818 846
270 172
145 579
424 49
353 381
524 406
359 387
691 91
162 262
198 7
54 792
769 908
311 316
294 554
423 56
891 618
198 461
188 842
919 601
598 424
387 824
332 277
619 593
551 643
587 761
3 889
192 591
412 92
413 74
587 771
107 829
230 687
139 51
638 646
219 833
369 810
778 211
448 196
248 378
605 663
182 840
58 647
511 881
831 768
650 284
579 197
220 151
590 18
610 299
205 16
243 728
780 209
391 767
447 211
605 100
110 578
113 196
4 544
680 468
425 414
483 144
263 139
286 56
658 1
326 403
533 318
542 777
154 598
16 603
682 628
3 871
226 837
335 847
197 874
291 854
787 573
866 11
830 766
354 692
278 741
175 831
284 303
803 6
879 755
327 214
292 513
205 288
209 360
845 95
877 825
420 272
538 159
26 510
389 314
248 247
568 404
824 629
423 922
887 779
363 885
485 77
381 780
561 177
900 150
848 692
869 124
629 675
283 739
12 885
241 909
641 440
492 577
43 73
580 750
643 774
556 188
832 258
776 527
410 718
877 532
586 170
823 139
202 6
42 729
212 678
359 476
470 161
900 80
404 218
46 836
565 279
578 749
271 412
79 457
143 392
767 430
252 472
507 576
326 388
491 778
807 330
782 530
299 162
159 781
109 82
516 227
275 333
95 899
480 541
136 751
601 509
875 234
802 70
16 778
453 491
794 627
115 657
611 820
772 261
377 142
31 450
72 636
913 858
550 858
760 578
762 878
416 211
399 864
75 704
925 317
103 637
107 236
659 254
36 800
261 656
282 567
923 559
359 466
829 888
284 307
590 540
221 30
294 380
902 298
835 168
149 269
431 87
923 439
47 37
160 239
487 129
554 812
114 145
901 755
685 145
557 732
816 917
358 805
391 624
877 63
296 398
60 511
596 537
501 736
818 559
800 46
158 375
552 745
219 359
242 188
339 673
75 766
405 449
614 417
779 764
483 11
504 388
803 265
8 406
717 830
785 459
231 181
547 780
162 329
401 586
520 469
225 850
64 619
563 579
443 449
674 351
141 826
237 112
58 232
95 301
686 53
64 777
673 925
193 799
72 698
548 459
70 430
442 65
190 905
690 206
301 581
857 839
566 548
720 730
593 762
405 762
669 838
211 190
215 197
401 39
609 282
302 289
286 447
164 885
625 717
239 389
117 494
245 847
412 107
414 259
89 325
859 434
290 907
242 877
76 499
901 787
226 781
210 723
857 149
838 465
532 507
623 881
352 181
775 911
283 722
837 338
431 31
56 291
717 199
759 18
96 767
479 148
47 111
655 177
132 645
334 434
617 566
283 397
340 519
553 612
75 408
459 57
427 80
798 428
229 196
431 632
506 500
489 84
646 655
200 875
540 322
85 389
802 495
898 497
95 139
850 547
126 168
491 406
166 823
136 870
269 566
805 580
349 819
525 186
547 149
255 845
716 721
544 546
585 864
640 570
861 552
116 350
890 200
505 737
163 423
314 802
310 672
61 742
299 234
874 708
176 383
322 242
549 487
833 360
258 845
450 686
917 500
564 895
322 404
911 129
125 918
164 794
761 834
759 134
31 641
584 697
415 661
700 811
628 312
611 554
726 243
610 511
549 480
401 218
136 183
684 214
80 876
190 283
493 859
633 507
894 739
422 713
553 457
39 697
8 670
5 820
852 105
680 799
401 878
906 266
121 338
764 74
586 140
401 767
681 875
615 11
744 635
357 791
449 94
752 38
880 560
853 57
228 234
155 488
236 145
474 644
418 409
202 474
738 248
104 110
640 474
471 668
183 918
601 123
217 898
642 101
384 413
829 667
321 108
747 735
306 5
240 769
756 679
414 504
606 454
627 434
352 314
83 806
833 567
392 662
742 857
160 268
841 829
695 142
456 328
113 598
331 696
390 719
470 802
93 585
391 766
840 872
378 811
4 635
614 686
109 618
12 160
921 418
898 865
421 19
8 874
79 587
428 203
913 187
108 457
325 751
562 47
394 198
551 487
3 403
574 261
189 334
601 7
670 423
214 318
90 655
71 832
242 578
261 135
317 917
263 569
820 455
878 309
645 369
682 480
832 567
852 397
893 914
70 893
146 344
882 78
368 157
689 661
898 922
789 548
555 280
410 442
325 647
253 277
636 265
297 697
772 909
873 258
131 636
315 267
81 396
393 581
289 223
399 603
211 4
75 379
920 854
690 116
393 807
91 816
659 243
588 187
775 322
565 914
919 573
481 529
741 472
428 479
54 289
518 814
804 835
432 36
75 54
44 516
603 799
123 290
198 176
54 725
628 781
455 878
359 474
724 280
80 4
50 507
272 731
862 106
480 489
409 534
765 518
876 527
91 635
700 587
678 589
275 631
917 44
615 884
638 431
13 877
639 114
894 462
660 258
537 646
41 124
775 83
82 221
82 595
90 813
741 458
209 169
124 242
634 355
52 353
8 739
145 351
664 99
654 861
605 262
663 52
181 623
348 350
441 799
336 809
353 909
482 619
566 882
291 83
293 864
312 44
467 693
700 101
80 360
717 772
258 254
829 714
586 350
859 677
548 597
750 703
744 596
603 738
95 586
477 454
262 242
802 799
802 456
659 890
140 635
773 788
79 423
524 368
653 766
784 56
584 805
421 147
129 277
61 712
82 207
138 6
247 616
343 660
145 515
791 538
4 501
408 662
673 447
69 734
711 291
513 312
786 246
144 325
237 408
580 368
391 915
14 480
701 378
890 181
659 167
860 764
666 578
207 358
862 762
917 186
342 289
52 4
267 107
259 738
627 417
840 373
17 308
716 114
609 424
22 317
704 388
99 112
355 218
266 598
874 387
783 667
826 468
921 338
440 549
672 556
710 483
712 30
697 619
452 281
54 648
537 354
761 329
34 444
306 441
179 701
478 651
139 27
639 738
412 576
713 242
878 201
850 77
189 231
582 412
185 794
511 283
469 911
874 832
411 194
820 241
812 756
147 905
664 285
701 833
647 556
523 95
124 392
235 919
186 704
829 750
59 543
408 747
925 240
