1000 9882
820 986
238 115
812 326
150 805
355 821
790 267
765 354
87 346
678 667
642 645
850 544
947 207
998 744
358 779
310 686
5 84
208 864
89 227
470 288
623 346
806 142
554 447
259 729
740 390
299 712
167 101
48 840
982 463
749 80
424 295
265 729
88 980
401 9
155 38
395 759
990 100
921 611
862 393
359 127
818 813
597 825
930 959
239 853
481 5
856 247
71 587
567 539
219 322
149 686
278 2
316 433
465 521
743 378
376 412
896 724
749 549
952 697
942 84
641 703
942 557
153 202
883 508
330 452
158 726
729 698
362 949
783 925
914 796
477 388
84 822
20 770
629 770
388 750
723 325
580 346
500 28
826 70
366 887
521 652
908 463
632 137
721 949
647 69
294 731
599 972
233 851
489 761
844 227
119 280
751 983
658 699
705 763
479 240
523 438
798 892
655 157
334 415
203 242
901 125
578 410
905 122
464 742
731 696
199 134
679 184
719 38
277 968
441 570
321 122
666 94
116 9
715 973
623 495
971 70
238 587
7 89
667 321
304 873
964 945
539 513
757 970
739 115
134 785
799 725
908 439
734 442
114 975
778 679
731 868
329 228
259 241
278 191
653 993
287 295
14 613
74 176
516 303
810 524
118 681
429 210
378 522
75 550
684 584
595 479
997 543
979 124
463 407
303 574
239 444
43 744
59 42
757 447
557 541
254 155
367 344
666 225
867 800
858 649
750 923
963 334
751 311
846 25
580 205
266 53
87 79
362 730
401 730
220 684
721 913
704 737
391 751
103 673
552 949
147 379
419 766
670 101
873 895
621 521
180 497
164 990
919 862
137 2
47 515
503 93
45 277
612 581
479 212
317 281
561 667
621 299
601 775
322 288
329 580
950 934
42 163
138 670
944 878
398 868
471 886
576 626
335 367
652 703
106 366
339 652
981 197
521 631
985 130
382 594
917 813
499 978
499 579
652 413
178 20
325 195
936 120
330 171
227 545
945 664
297 217
455 977
426 957
740 865
465 593
639 125
384 473
846 135
844 775
944 641
871 94
604 379
698 48
344 737
520 548
542 545
447 679
58 386
903 240
962 684
825 604
236 885
689 445
637 479
750 550
368 800
827 299
976 943
703 724
3 917
245 882
727 306
584 36
87 83
346 219
961 358
460 786
186 256
228 155
645 547
205 181
635 960
608 408
935 103
114 113
104 167
947 621
734 935
237 117
366 363
367 828
971 288
422 152
64 421
156 108
74 677
695 837
207 579
263 985
489 632
915 342
212 410
231 462
692 876
199 876
93 489
554 141
791 872
95 303
705 239
349 176
22 798
518 883
867 303
524 779
49 732
377 63
770 852
679 644
576 235
848 640
482 898
121 194
552 132
101 529
376 496
909 784
1 307
314 810
528 44
880 543
755 733
628 341
685 250
335 769
449 882
232 638
548 182
642 175
625 813
664 907
349 741
153 394
33 748
659 656
290 245
435 964
862 957
811 957
958 700
872 701
203 653
348 466
974 394
522 267
701 664
542 846
798 212
746 301
216 816
60 993
529 820
607 552
160 951
274 876
180 314
617 467
223 484
596 898
155 588
526 621
51 527
656 987
789 266
649 358
450 947
949 411
664 357
793 647
246 297
894 825
413 523
791 569
834 92
946 514
450 853
749 79
531 100
160 482
298 134
643 284
919 187
297 216
611 698
247 580
639 326
913 6
363 75
603 519
771 480
444 136
437 534
283 266
213 581
715 271
532 975
849 785
746 683
996 855
796 635
966 303
509 304
112 518
135 172
547 308
875 867
214 754
81 986
817 46
327 853
127 583
632 27
564 832
659 684
936 539
132 724
115 52
812 118
25 860
499 149
140 571
676 709
486 540
775 147
603 392
566 60
988 710
664 52
574 539
595 604
68 676
845 63
60 884
904 498
178 715
638 749
488 350
795 632
264 992
651 764
502 816
527 417
177 885
772 344
205 395
298 195
282 716
462 886
640 762
713 916
846 664
26 713
673 358
514 802
816 331
648 414
961 35
744 845
140 448
88 945
584 790
572 451
221 747
649 862
135 703
541 472
688 820
818 895
70 912
120 625
304 584
840 874
342 708
572 419
212 176
944 255
790 219
663 75
377 82
233 464
286 618
534 220
546 678
379 859
361 308
162 703
453 364
805 903
644 539
97 466
667 938
870 247
942 224
727 602
396 764
788 718
435 798
400 534
93 695
367 456
168 754
280 972
729 951
3 704
669 511
816 29
444 822
472 739
270 602
253 418
913 980
881 900
388 993
775 247
100 299
51 681
521 393
103 759
132 166
601 763
798 959
929 188
675 459
90 112
94 664
350 550
854 374
88 593
622 146
234 819
237 144
459 154
540 641
801 235
294 40
521 244
778 749
748 947
916 426
887 24
302 406
602 408
179 457
437 897
773 807
761 569
914 255
329 421
888 948
425 986
366 485
250 161
213 795
197 358
696 315
715 489
771 427
852 198
134 909
672 292
909 9
804 289
92 755
588 712
957 285
11 639
475 741
144 28
58 574
81 759
214 949
286 582
624 267
188 876
576 430
975 94
638 316
931 777
487 336
202 704
849 635
482 688
931 109
519 274
188 514
858 46
817 118
563 630
880 722
760 904
906 804
10 241
194 626
820 674
289 814
440 785
349 930
423 415
177 753
788 439
989 626
246 945
48 354
637 32
985 519
380 79
290 291
976 206
722 478
595 532
682 221
686 701
129 528
424 896
760 580
501 670
855 847
19 65
772 641
241 113
901 35
8 302
969 868
155 375
677 524
508 608
623 320
330 697
223 54
904 232
743 831
47 772
553 647
679 323
935 925
593 646
835 577
304 774
288 268
736 934
511 984
60 352
243 938
264 357
623 382
800 151
468 13
929 629
624 875
743 626
168 80
151 121
374 354
963 630
552 246
273 267
258 97
723 879
409 251
878 797
776 589
135 826
318 432
18 123
858 957
571 272
185 717
3 348
978 498
707 688
465 717
874 163
34 325
785 402
783 955
20 761
258 306
352 217
633 184
48 777
219 875
650 739
353 737
462 445
769 215
715 831
718 242
591 352
538 796
333 176
634 965
68 931
200 251
402 619
702 678
654 770
962 595
263 346
915 987
665 256
445 568
462 718
66 271
410 941
380 83
540 555
632 444
196 177
320 101
77 524
216 591
473 416
626 166
367 964
705 541
854 446
432 651
196 884
960 271
347 568
189 277
338 945
912 864
964 697
45 377
421 506
331 108
706 16
447 421
855 945
147 878
369 770
5 372
152 984
227 444
468 946
791 798
403 585
98 179
647 858
924 509
268 377
86 464
450 292
382 619
143 523
658 211
889 277
27 994
815 5
420 19
294 572
64 109
339 933
545 722
913 918
642 332
684 983
62 699
391 291
947 339
276 216
905 843
672 586
382 39
183 50
365 939
314 975
22 500
63 712
871 97
177 125
144 258
340 910
180 987
346 463
788 666
182 121
772 947
947 143
944 973
797 596
664 220
690 644
90 254
897 102
111 946
348 256
673 991
192 437
894 271
148 31
372 573
157 215
949 171
823 646
937 851
149 455
151 686
873 786
310 537
773 159
151 543
337 733
835 362
29 191
786 794
43 783
651 588
468 752
806 168
934 509
4 114
351 69
943 257
1000 329
105 875
787 237
776 122
893 269
956 88
50 323
360 695
87 700
700 649
645 589
887 341
853 485
585 607
514 581
257 724
75 877
387 441
939 644
834 498
429 814
467 135
965 652
412 540
14 760
142 429
15 500
274 541
849 995
357 732
139 409
840 762
936 45
221 61
939 930
615 845
103 57
490 462
953 814
326 856
595 481
597 691
582 169
50 790
487 303
699 399
406 872
685 176
429 498
358 472
489 159
624 462
608 963
58 492
1000 434
53 247
784 286
348 373
522 494
171 724
667 715
46 756
20 480
987 342
401 847
882 384
384 59
964 174
307 677
879 477
239 114
794 621
592 108
135 343
428 483
65 777
413 81
707 358
756 703
669 256
564 490
660 779
878 142
381 590
953 53
612 478
150 995
501 697
262 745
428 513
409 996
455 216
403 453
812 671
665 955
947 640
52 36
143 399
789 475
522 772
744 908
742 683
88 880
469 61
604 648
473 186
899 946
5 315
243 800
173 841
563 746
806 39
899 963
863 18
408 998
407 232
69 537
14 442
930 771
680 690
313 771
317 219
374 404
634 983
236 397
24 805
169 476
26 383
923 231
726 744
491 217
734 39
457 89
40 79
489 778
586 486
325 82
218 930
993 488
576 48
323 561
250 499
213 749
586 73
969 71
291 175
898 93
936 152
420 265
477 296
120 987
391 248
529 799
380 533
917 336
21 139
275 616
690 362
893 849
159 253
1 247
281 359
615 164
447 310
124 641
250 836
225 461
200 113
73 709
663 530
957 817
742 41
470 89
216 935
415 907
253 468
6 130
137 753
343 199
419 527
315 990
100 456
797 318
506 547
569 327
146 656
954 779
673 628
670 71
124 69
15 406
94 629
369 426
554 218
565 36
33 243
930 355
682 768
777 236
815 556
268 993
216 942
678 860
973 400
243 655
869 719
565 198
731 738
520 473
890 321
98 107
639 590
820 436
910 158
397 421
723 675
354 2
706 303
653 756
506 185
269 235
238 752
226 200
745 968
869 818
92 545
114 789
870 624
943 140
895 866
520 789
788 818
151 350
889 203
454 963
451 480
883 485
244 41
214 833
760 942
315 576
556 468
22 344
997 678
48 195
603 531
441 276
703 532
708 841
465 494
270 753
430 5
540 194
584 243
676 675
419 602
495 431
150 734
688 17
617 909
485 197
309 55
630 901
57 505
3 936
536 214
218 115
200 474
110 189
347 285
708 211
393 85
176 419
394 486
806 419
351 525
497 25
550 207
152 652
209 429
962 229
981 839
294 275
350 910
541 63
356 315
366 199
769 956
39 310
481 606
178 918
341 58
179 403
307 198
660 578
420 943
575 337
1000 765
539 288
795 218
647 853
840 993
530 101
804 644
416 717
255 506
776 189
540 142
173 435
467 234
31 533
821 659
127 188
93 380
630 13
575 900
689 605
852 255
447 805
799 528
144 214
628 614
371 503
279 312
488 697
620 130
31 784
743 196
447 539
415 57
495 783
281 61
923 634
694 443
144 259
628 764
455 880
932 331
594 956
2 784
77 364
25 177
208 921
282 688
336 313
689 507
928 669
655 730
52 125
676 711
129 780
718 126
480 632
889 652
837 596
94 787
820 176
759 519
704 823
821 480
94 674
77 944
280 430
800 677
858 103
364 668
95 796
958 154
48 521
692 482
158 450
574 970
591 808
411 790
839 290
951 47
367 697
960 601
354 232
183 65
877 252
382 682
553 734
865 732
293 91
467 613
463 943
763 253
672 977
602 309
947 815
735 115
460 595
502 242
838 376
131 503
865 446
796 772
890 91
218 497
454 384
331 599
957 503
444 174
191 931
875 146
657 475
435 469
734 219
575 777
465 618
391 262
158 535
362 242
97 103
282 467
641 995
112 548
535 252
3 407
392 938
83 165
391 36
451 329
269 584
453 507
663 664
850 129
965 336
660 386
665 607
572 726
856 344
659 714
331 655
561 220
836 82
765 84
824 634
810 172
78 309
815 836
690 643
889 680
764 812
102 655
989 669
259 854
654 798
997 178
601 761
622 289
309 144
229 474
425 499
760 554
122 591
358 839
877 813
482 343
377 635
798 863
255 638
809 678
661 589
680 688
483 99
798 750
159 912
143 319
990 886
520 318
5 314
65 71
91 663
511 806
759 220
957 60
537 846
153 597
32 703
468 90
342 631
382 928
41 93
676 705
778 815
981 292
148 719
899 113
258 155
795 416
615 739
836 732
302 80
180 673
533 732
258 10
904 616
893 526
175 435
602 845
658 555
733 485
679 963
918 25
667 795
980 322
304 291
372 568
71 659
992 144
11 940
638 141
417 501
148 259
386 392
943 668
548 236
721 720
722 43
957 816
263 227
767 585
831 361
465 163
854 583
622 483
750 660
591 428
775 213
542 224
470 207
253 309
988 648
518 121
367 829
224 549
43 27
426 161
501 747
945 635
471 723
823 638
833 506
321 270
985 295
76 121
754 92
811 431
155 643
545 31
263 820
506 373
402 88
242 82
9 970
268 625
605 824
222 504
901 195
246 522
568 454
307 26
744 647
322 549
217 265
592 459
278 280
101 939
190 151
342 659
774 984
888 577
336 819
965 835
804 327
865 343
795 348
813 655
317 960
72 936
567 928
516 482
953 869
202 659
701 683
100 219
153 30
172 462
279 618
200 31
423 791
276 476
3 636
996 611
443 357
500 882
944 748
874 67
582 400
750 598
841 794
76 513
828 624
408 123
542 802
10 147
157 320
983 212
931 361
366 206
993 544
315 540
708 731
120 985
240 600
953 146
203 543
555 450
320 785
29 40
323 279
676 88
459 215
613 954
959 130
84 665
472 874
713 876
184 30
76 84
744 915
159 987
471 981
807 863
520 359
518 278
557 820
446 269
783 150
825 388
298 168
903 941
812 902
562 625
688 528
108 491
481 319
868 445
912 415
14 371
182 223
127 302
757 867
614 820
795 74
598 381
395 632
178 72
291 955
934 915
39 885
922 891
282 218
657 510
995 226
737 840
75 929
222 784
171 814
192 195
690 126
712 538
733 444
952 701
790 173
260 644
887 951
67 638
408 276
589 733
718 387
7 354
615 9
173 118
563 658
859 635
913 583
110 691
71 859
148 340
277 40
704 332
44 229
709 213
750 899
571 28
954 140
570 476
879 330
853 86
223 662
194 952
846 176
43 325
907 284
929 292
33 495
307 760
315 937
464 45
23 351
472 552
932 776
406 879
373 790
673 168
285 162
413 365
907 587
982 13
587 767
476 918
789 611
39 324
21 969
251 486
271 549
402 160
576 763
317 467
890 279
668 816
985 57
622 838
606 459
588 114
491 482
402 307
442 772
578 184
762 845
174 695
83 762
40 823
10 979
637 405
675 991
571 670
351 906
959 715
374 313
446 922
378 820
144 164
566 955
679 760
114 858
499 536
49 281
78 429
914 260
404 525
814 208
597 704
301 387
710 97
966 511
914 259
600 331
782 541
567 793
839 532
939 761
227 884
192 2
50 999
496 851
984 968
876 686
453 395
71 972
76 762
318 285
536 256
261 489
87 75
72 480
257 338
120 492
822 999
821 338
234 540
676 587
881 719
773 479
206 670
264 673
168 949
512 71
250 334
402 851
694 738
364 641
133 82
942 792
469 74
125 568
128 366
950 523
934 396
294 47
152 628
948 24
313 166
631 99
653 55
602 359
929 765
179 458
491 300
934 110
98 134
481 758
992 742
854 327
943 5
856 405
654 200
308 524
292 393
13 499
943 234
805 610
197 500
644 821
439 347
832 61
174 28
675 729
415 466
662 817
296 874
266 526
250 497
599 359
885 25
213 267
269 538
888 757
295 542
81 339
940 849
63 514
873 370
746 896
249 680
768 738
509 102
774 456
576 335
758 635
272 237
85 951
637 362
374 880
927 250
716 895
419 467
497 567
541 98
429 434
447 385
488 846
113 615
727 206
103 624
879 499
196 383
817 422
696 721
987 82
950 346
864 903
42 335
739 610
21 559
461 408
160 141
7 669
1000 485
765 699
497 349
189 383
692 74
804 908
75 120
113 141
358 610
645 949
252 560
532 610
758 334
596 413
501 223
252 935
2 420
888 979
207 365
66 575
322 597
625 276
700 948
545 715
175 368
218 789
257 899
790 279
496 735
541 703
784 924
433 194
37 448
23 813
121 183
343 560
861 51
864 281
371 315
779 736
103 208
34 441
732 768
970 669
20 644
261 766
673 726
732 183
695 61
354 973
885 479
85 843
140 700
141 725
298 516
392 577
870 412
428 135
102 874
876 773
538 650
133 726
870 367
48 434
565 755
180 663
716 577
627 38
69 585
539 984
371 740
604 782
570 138
422 335
261 195
636 415
102 551
910 720
949 118
402 923
60 707
686 847
781 669
234 886
330 585
536 820
204 98
117 911
498 899
600 766
989 498
86 601
155 287
284 185
801 257
878 273
611 438
188 349
155 396
412 277
678 139
365 467
243 907
190 646
360 939
549 965
554 877
527 946
294 563
20 100
766 579
538 665
836 533
619 175
770 167
18 576
558 190
33 817
529 852
417 594
608 843
789 490
883 451
439 161
371 279
580 417
27 547
399 727
457 962
742 405
279 649
798 395
747 289
965 378
750 896
111 846
940 936
633 458
580 327
764 548
211 668
378 512
585 431
289 890
243 239
158 4
306 779
77 76
794 532
816 964
465 234
229 145
159 634
971 672
259 892
224 639
354 704
100 386
545 267
358 974
877 694
717 13
354 533
426 102
834 875
648 259
381 501
15 456
308 70
717 158
539 706
982 897
371 542
959 161
47 661
476 309
786 793
436 162
664 325
296 947
77 656
481 527
635 234
337 611
892 251
53 423
26 725
320 314
265 367
363 380
793 720
478 95
670 601
70 773
640 540
880 433
938 785
723 605
338 581
672 429
734 447
679 618
113 439
757 838
5 631
173 405
196 970
473 543
431 640
466 304
487 74
988 429
811 83
614 563
170 872
980 185
802 681
892 925
35 298
184 67
112 471
442 296
561 278
799 276
231 982
841 102
550 590
277 218
871 134
429 495
359 839
880 603
72 3
950 162
201 481
864 47
321 254
164 887
655 651
819 825
290 57
321 840
647 23
565 698
587 862
931 975
898 555
917 253
665 332
778 85
48 378
176 271
716 649
589 149
959 487
946 898
555 973
747 841
416 365
273 564
627 399
954 741
152 343
231 433
431 687
824 201
553 909
535 805
916 281
209 491
195 680
696 899
888 882
329 766
164 675
367 622
796 422
543 939
433 648
606 757
80 503
616 201
618 891
433 537
930 687
422 138
620 256
855 747
326 534
639 710
644 16
334 922
170 667
465 793
541 440
503 525
89 361
949 338
164 381
883 895
41 142
415 146
417 771
95 468
689 923
27 860
276 308
201 65
398 677
573 233
900 814
376 473
163 144
488 755
583 464
914 703
844 828
520 602
288 910
163 106
291 33
497 724
393 529
376 183
764 321
913 526
328 58
721 581
24 275
172 123
211 743
286 247
289 689
474 383
77 306
794 682
138 438
231 553
309 431
3 800
320 920
617 918
319 218
893 33
566 73
180 700
592 724
501 888
781 918
234 625
841 559
935 397
333 379
446 170
375 192
671 407
323 317
108 573
548 674
255 830
733 762
203 851
129 532
403 117
924 977
104 172
13 718
237 112
384 582
977 953
819 775
372 425
17 676
594 32
902 907
687 739
246 369
619 745
194 468
808 584
695 832
295 361
647 989
377 375
335 514
866 309
423 658
65 466
799 795
156 783
984 184
87 865
970 375
282 853
801 567
487 172
472 379
805 7
205 891
62 560
305 813
822 970
257 898
175 480
74 245
19 844
852 452
11 258
931 815
257 172
420 296
404 949
135 839
177 85
739 665
681 709
524 53
763 961
675 419
824 871
732 176
720 712
603 387
686 289
393 670
908 299
604 122
590 957
479 710
889 516
410 663
926 87
761 88
785 833
973 902
717 262
149 298
133 725
9 479
730 691
270 534
842 773
99 576
302 935
324 727
769 358
845 51
97 275
354 526
284 357
637 177
929 120
968 962
473 420
275 90
891 202
708 908
88 525
420 756
807 968
494 317
647 547
634 390
754 761
251 216
262 847
34 574
933 946
942 960
761 965
981 934
476 722
517 68
722 770
464 477
763 210
47 149
568 484
424 444
957 14
527 780
534 126
625 166
164 294
485 441
575 768
353 379
740 625
213 991
16 373
624 26
531 438
532 869
350 344
926 576
357 676
451 675
103 193
25 729
685 422
188 130
61 396
49 332
491 819
344 914
554 543
793 893
614 487
279 426
693 988
896 626
235 310
590 588
37 628
560 559
687 398
292 902
810 967
741 625
615 152
430 524
603 833
127 578
85 878
267 209
517 689
58 54
573 725
140 560
602 107
271 814
328 848
955 413
206 785
628 308
262 999
160 633
124 426
271 863
845 70
403 207
242 29
168 968
578 579
704 778
427 181
211 874
584 496
795 718
674 193
108 517
570 798
185 500
389 130
432 683
515 193
664 326
591 821
904 213
47 843
583 645
786 169
324 888
669 892
467 572
985 63
911 803
218 406
663 599
652 657
821 978
832 309
580 947
326 508
999 955
302 345
815 8
532 650
592 405
925 933
857 791
896 897
607 199
349 243
313 965
567 629
328 466
201 932
230 297
305 966
642 479
326 860
274 827
884 798
595 485
44 421
997 537
245 292
391 144
528 474
802 537
875 949
253 889
468 732
220 102
223 112
55 404
116 55
598 859
297 772
675 123
346 431
736 123
849 316
233 23
475 126
157 262
418 23
306 812
825 804
76 474
725 963
546 214
191 179
289 103
290 280
95 607
388 893
760 702
765 435
324 559
661 360
132 378
356 152
928 265
591 375
593 499
646 135
924 893
677 531
588 178
950 521
167 305
464 696
307 146
471 927
352 825
99 84
925 758
985 27
605 834
146 255
337 123
506 161
414 188
312 926
274 347
200 232
178 191
549 924
809 103
973 812
514 468
967 274
574 432
667 352
268 99
987 861
605 262
671 134
352 468
952 766
118 928
730 479
89 955
917 636
885 167
577 670
463 369
777 899
289 598
590 644
147 301
849 638
661 801
504 493
12 382
576 321
823 951
2 727
838 386
745 223
466 1000
379 457
140 617
445 253
725 886
926 55
752 956
751 198
399 349
295 92
877 748
204 410
441 952
116 638
691 856
581 532
933 699
132 350
214 136
366 18
431 322
267 677
74 973
612 77
446 389
943 658
14 201
90 371
40 580
94 411
186 846
544 340
179 443
821 872
19 290
836 716
242 65
104 29
544 451
431 17
948 365
142 220
716 193
754 396
622 751
239 969
165 982
919 173
814 445
598 340
156 703
913 28
326 107
737 688
539 68
796 847
500 252
874 635
404 560
383 511
425 731
923 372
926 949
70 255
73 169
349 428
376 502
893 559
715 583
645 784
940 672
922 183
907 517
995 274
190 483
533 991
770 483
686 183
500 974
928 919
894 58
16 869
510 291
737 237
441 280
689 66
139 97
533 177
497 977
851 466
245 943
250 983
950 26
475 934
96 305
918 612
150 722
82 764
581 726
772 957
954 952
646 914
890 826
138 141
142 717
555 340
750 45
249 712
926 205
124 101
215 798
181 922
458 561
330 640
281 812
798 779
583 531
68 620
786 819
65 418
849 190
369 219
460 246
958 77
541 59
963 729
344 295
459 54
132 80
320 464
577 929
623 464
63 382
459 903
812 897
799 873
344 69
623 577
401 2
541 201
378 940
360 751
344 244
611 150
723 560
639 332
684 829
193 386
658 844
625 391
700 439
773 939
116 318
832 103
945 312
753 99
433 236
767 121
610 420
913 683
884 938
81 579
961 679
653 297
548 65
241 773
718 305
131 515
392 769
391 77
31 506
34 330
915 687
71 997
440 525
148 198
741 705
119 685
300 9
522 461
105 103
106 456
589 397
629 956
336 317
659 547
16 623
915 909
928 812
155 768
301 514
472 700
215 988
360 462
579 425
905 332
600 972
414 31
234 694
731 587
68 561
659 366
290 727
241 163
938 219
638 614
713 781
863 263
789 608
938 106
152 539
887 157
433 603
957 5
198 418
175 903
963 578
838 594
146 152
809 872
847 928
333 838
418 152
94 141
442 754
151 222
541 466
601 127
527 867
288 440
201 841
553 508
204 580
957 386
562 370
586 380
940 245
667 21
830 611
524 698
373 252
871 333
891 627
250 361
734 223
735 674
80 984
728 916
196 746
311 43
885 194
443 83
12 196
355 476
257 235
40 261
650 578
137 877
970 198
546 531
487 699
89 888
607 666
702 950
477 481
853 774
432 46
106 413
555 720
438 500
918 962
832 527
580 165
836 488
505 857
180 555
76 580
93 546
224 831
854 575
983 153
287 646
99 522
135 338
6 487
521 435
76 982
941 534
484 967
266 286
877 664
99 744
959 118
125 580
308 36
248 925
63 274
178 632
485 588
407 801
414 584
203 151
829 695
54 581
647 618
407 257
213 82
35 942
159 924
626 461
829 296
708 763
400 480
643 444
369 973
353 448
596 388
596 934
446 603
620 258
411 322
967 495
715 30
218 984
936 321
313 774
406 293
282 238
946 185
13 78
678 320
37 344
149 638
434 884
899 386
370 886
552 110
64 473
230 421
140 949
90 760
197 164
70 434
788 633
738 361
112 580
171 521
851 219
525 294
619 407
927 86
264 775
823 1
555 687
404 241
177 265
860 10
291 257
223 858
266 972
649 421
661 56
239 44
846 124
172 348
831 488
335 761
836 434
33 315
569 729
756 361
205 221
817 475
582 741
987 87
241 265
149 502
82 571
446 168
393 60
67 149
565 958
110 21
275 64
392 112
963 879
338 984
858 91
436 245
62 56
155 647
651 570
497 733
438 161
143 494
648 772
556 629
584 630
696 16
236 185
165 278
722 796
616 295
598 139
689 223
933 254
476 639
938 836
710 480
692 875
861 588
2 419
459 760
445 293
446 966
361 954
697 900
152 473
683 681
17 580
49 147
72 562
476 268
168 229
795 384
14 548
822 310
165 664
496 545
102 301
729 565
748 375
950 739
415 953
140 857
714 306
589 646
174 618
408 161
281 213
138 374
139 19
970 747
681 596
573 606
426 589
465 481
513 346
966 631
950 104
317 338
495 69
860 55
836 7
784 490
16 516
412 464
660 513
368 835
119 494
600 834
158 190
114 170
367 236
167 444
726 429
208 438
555 343
441 987
524 382
228 388
857 460
531 911
492 273
790 936
542 269
561 745
35 921
234 900
454 989
40 545
701 436
190 939
466 975
194 310
507 805
596 457
455 445
407 190
113 453
711 140
87 662
201 707
966 896
477 822
738 838
688 783
812 65
221 305
776 162
373 118
411 345
710 351
123 595
571 743
166 493
141 161
804 359
932 188
970 75
19 765
210 836
283 688
75 562
80 908
176 843
879 515
94 806
978 464
709 64
747 149
24 813
324 320
756 237
672 280
654 93
176 937
750 903
641 337
953 615
291 328
117 390
168 541
832 548
154 976
690 702
34 186
769 53
967 307
650 272
600 687
674 394
233 970
231 627
128 42
367 147
391 643
450 349
103 693
931 406
682 528
898 757
646 127
573 949
613 248
635 528
119 355
191 86
929 26
587 610
569 352
152 749
856 577
893 442
877 981
310 642
721 361
129 967
199 126
865 870
442 913
497 282
349 729
302 637
765 977
269 332
557 511
625 102
511 777
425 86
379 138
635 461
122 232
77 932
635 442
430 400
530 66
730 981
882 625
425 880
245 159
27 964
320 74
247 545
325 215
771 453
166 521
914 249
153 926
118 822
339 71
879 833
218 968
439 480
153 783
170 855
317 516
409 151
653 106
111 536
315 47
866 170
157 704
139 381
741 514
875 836
254 131
880 606
167 568
594 228
900 827
595 197
922 287
135 30
618 238
162 408
545 895
831 614
408 8
962 755
615 271
485 38
570 508
58 200
115 25
668 769
544 799
559 836
873 69
980 751
362 706
935 277
202 875
368 269
216 751
548 570
555 270
612 373
280 352
579 388
86 884
307 585
894 527
643 995
497 75
886 751
778 434
427 288
433 931
506 747
640 447
293 695
590 439
242 225
740 96
167 260
246 761
304 255
179 304
837 43
51 304
759 437
743 784
82 777
513 493
428 797
701 508
167 291
967 89
274 454
482 37
175 122
51 8
383 231
3 479
559 224
359 382
162 790
625 868
697 623
314 589
709 708
891 673
370 996
847 330
287 259
515 36
779 619
233 437
947 401
749 997
382 22
590 539
380 276
580 597
414 301
767 129
20 748
120 80
893 875
486 131
139 448
617 889
671 92
84 602
513 342
348 343
220 840
479 751
873 400
183 309
324 472
203 665
699 252
228 828
889 734
765 115
967 731
107 873
436 801
145 808
60 981
719 614
55 293
373 817
608 615
656 600
986 499
289 1
417 52
641 498
242 35
377 824
319 933
251 979
911 161
702 382
226 559
584 665
470 418
259 599
705 699
373 605
781 710
820 156
493 916
464 678
645 267
165 242
829 331
795 839
251 287
937 250
982 675
79 525
652 603
819 250
420 151
677 73
438 599
594 729
791 977
539 120
227 756
50 103
527 971
309 810
464 871
136 516
321 536
633 691
322 883
615 627
224 205
948 441
496 945
550 477
391 218
486 220
90 733
36 283
370 637
131 553
261 762
524 48
284 781
294 385
966 741
246 195
401 663
710 734
931 159
200 147
495 68
703 611
885 588
907 102
216 905
270 618
586 555
383 787
479 592
975 639
924 739
564 650
208 289
371 757
774 101
707 130
911 276
738 43
275 494
242 71
114 849
487 809
380 217
454 560
401 452
368 689
76 194
21 591
207 920
134 486
427 360
856 614
428 711
801 59
603 243
122 734
935 144
811 398
406 934
335 362
389 828
873 601
32 471
90 341
175 306
668 188
762 707
602 424
711 254
905 731
190 835
754 351
739 241
867 4
61 965
562 618
670 609
529 371
655 471
570 701
19 433
368 125
354 32
523 833
321 809
212 23
297 192
45 181
857 824
783 544
786 260
24 867
169 286
903 735
120 716
118 811
447 803
925 847
456 718
719 343
421 688
640 834
322 31
434 829
642 657
865 231
187 479
546 666
640 440
281 852
168 366
918 218
81 577
624 473
152 669
182 193
921 87
503 941
393 558
176 938
788 673
846 411
278 583
506 784
82 335
446 925
380 936
698 5
495 457
977 58
657 603
73 993
491 993
77 985
595 612
281 748
90 748
308 211
816 638
930 306
740 77
557 625
982 6
621 318
255 576
809 588
403 307
366 299
497 392
406 578
73 413
691 688
513 612
316 955
835 625
527 79
770 720
881 243
204 864
723 752
744 693
622 826
398 768
916 837
373 716
571 661
787 976
19 570
810 467
369 513
959 758
782 853
731 927
455 599
224 407
22 222
79 795
45 727
173 290
46 208
468 290
306 133
201 937
49 801
201 603
779 590
11 728
853 689
69 98
733 411
906 583
136 939
603 947
231 978
444 742
664 557
742 474
814 951
888 101
338 740
490 990
635 6
648 187
152 159
426 514
478 987
436 735
814 512
238 612
895 984
383 811
738 806
25 945
444 957
103 728
965 612
894 701
518 151
385 521
3 998
43 53
595 512
669 281
502 586
266 284
342 483
381 583
664 391
423 166
299 476
315 662
845 329
60 647
740 97
243 523
502 788
383 933
464 966
460 312
868 141
192 678
725 260
156 772
912 687
904 916
539 448
613 735
618 871
431 126
821 898
592 342
620 380
51 11
883 978
238 735
898 619
562 645
395 373
66 980
676 397
325 825
142 481
296 49
524 713
890 121
781 365
784 806
782 817
395 574
678 326
257 954
135 953
136 617
836 730
835 937
733 334
775 617
727 784
37 440
205 364
173 40
514 100
263 59
266 877
636 560
358 511
664 952
774 461
851 330
802 794
474 379
550 840
224 878
769 465
855 259
505 891
287 727
740 553
976 920
924 664
599 798
72 257
205 219
902 67
467 972
963 51
30 414
638 883
403 8
850 675
51 570
398 269
864 559
904 434
775 497
657 686
381 732
886 635
584 745
915 387
919 603
523 582
596 902
624 645
273 967
183 894
902 542
247 853
783 641
882 724
166 229
759 190
339 691
729 127
622 754
63 491
274 698
187 615
114 957
634 196
350 352
558 965
47 320
18 710
221 461
919 413
921 431
363 704
857 233
258 488
42 458
335 234
616 884
157 790
620 804
325 448
130 174
483 984
335 155
139 132
893 669
340 515
463 416
571 153
241 798
386 143
758 553
893 782
859 642
508 492
491 518
93 838
132 874
868 604
814 55
646 887
190 304
444 775
928 648
215 68
634 828
466 602
803 297
732 321
682 570
969 14
760 650
246 917
66 263
618 360
206 322
747 644
512 966
860 445
557 682
200 94
848 477
253 678
764 193
109 500
751 965
879 240
350 998
426 30
246 695
962 252
68 623
892 223
279 553
584 517
105 605
554 421
467 548
80 338
696 46
717 936
973 574
778 671
14 458
382 512
338 454
938 806
99 254
309 678
277 73
472 428
899 145
4 331
614 814
338 493
771 913
670 768
472 347
538 940
227 531
853 299
748 439
236 355
849 776
775 544
935 5
481 785
736 990
727 560
746 914
379 950
50 874
692 653
306 448
419 35
336 899
742 319
135 167
495 243
547 319
127 761
208 187
611 676
284 786
31 487
72 236
291 330
831 588
284 897
937 953
573 721
444 811
416 428
929 333
396 902
58 165
833 745
850 841
389 347
63 180
945 731
927 991
220 625
955 526
869 76
542 34
602 913
582 803
418 428
385 605
481 800
134 304
398 453
764 592
497 62
260 494
468 649
587 757
5 446
759 467
193 39
860 965
222 442
960 719
53 580
700 641
94 112
523 364
190 566
947 153
287 408
342 733
383 35
19 682
892 811
379 419
830 753
220 724
177 183
287 190
537 695
295 739
82 236
604 775
865 904
447 693
230 15
325 782
375 695
927 12
950 747
384 132
21 81
278 608
154 562
16 337
530 909
769 23
608 57
422 607
162 221
519 156
324 373
200 315
460 791
665 343
793 266
65 611
816 997
391 737
51 688
132 471
63 57
212 869
820 868
99 618
436 109
96 730
631 426
560 361
262 737
32 306
604 772
960 926
961 331
872 186
378 303
991 55
557 415
401 284
679 193
114 293
189 341
137 234
18 31
39 759
932 214
853 175
985 31
749 14
471 776
965 996
147 686
244 746
458 8
847 566
982 751
287 495
839 178
737 680
439 288
540 205
625 499
701 958
735 896
795 441
779 540
767 429
642 268
865 189
207 33
996 897
465 591
620 193
112 488
706 822
926 639
233 324
641 765
944 266
85 960
729 760
750 978
867 838
969 417
229 353
582 431
451 187
125 432
736 27
241 595
385 217
632 92
996 453
443 463
929 388
286 11
627 163
721 858
964 138
169 680
262 931
1000 190
211 953
971 623
38 954
95 703
725 596
357 368
582 875
659 314
493 112
440 970
155 747
462 917
321 263
161 272
492 296
809 634
437 345
513 571
701 721
427 415
29 383
469 104
401 248
114 329
340 530
8 422
192 643
653 522
873 524
32 60
235 743
363 426
456 792
938 944
407 151
100 923
28 168
800 49
344 109
155 907
772 63
791 781
833 63
579 591
653 748
636 932
639 455
970 368
611 126
170 632
464 853
909 467
235 914
939 708
544 299
303 821
417 878
990 145
187 324
636 761
639 645
837 856
649 712
60 346
961 558
871 487
641 680
749 967
607 569
630 407
775 733
903 296
884 280
598 788
767 167
70 413
91 679
457 808
477 437
261 760
563 556
89 124
729 724
326 698
963 394
702 845
297 832
708 422
432 233
886 870
769 46
81 150
89 423
180 750
660 304
608 225
673 619
58 987
918 747
261 188
9 339
618 361
87 254
803 697
695 511
826 378
787 397
453 897
169 934
760 617
381 767
599 679
278 332
378 359
713 998
329 697
825 284
243 883
908 749
48 835
527 117
326 286
660 586
882 870
773 981
813 808
425 127
759 236
943 485
711 137
44 890
853 456
856 420
105 912
753 876
610 239
666 685
574 274
191 584
743 393
84 250
503 752
895 210
621 993
349 234
26 191
376 312
796 195
529 44
322 802
714 224
93 229
227 611
945 316
359 102
487 429
326 885
860 998
221 65
923 453
248 404
966 293
344 564
707 663
687 405
395 61
215 404
73 427
153 451
185 232
780 168
818 503
774 986
767 808
289 76
642 137
220 445
283 330
851 261
447 77
547 28
181 262
897 125
61 251
665 457
560 145
46 592
125 233
624 52
774 180
480 624
281 577
881 717
431 947
712 187
785 945
682 543
1000 246
968 916
933 750
121 123
111 264
496 647
977 218
209 368
657 740
466 732
786 896
200 589
990 608
545 111
341 132
983 309
967 848
751 841
812 579
640 756
899 577
937 278
862 440
724 28
504 717
931 695
35 775
531 138
421 30
44 975
924 427
819 135
715 118
517 984
434 106
79 884
946 145
1 550
535 781
495 740
784 843
399 994
625 423
607 339
81 641
944 513
227 927
966 154
430 224
309 913
184 970
884 795
25 458
465 755
282 475
102 232
675 256
966 495
658 590
560 960
962 812
525 318
893 836
36 96
180 785
733 187
789 377
718 273
188 624
971 919
861 279
663 513
335 624
780 803
609 802
881 998
453 517
517 656
133 647
975 640
51 770
582 610
142 623
162 657
769 391
932 629
495 1000
845 148
895 385
849 209
189 656
480 540
489 706
362 592
181 60
129 913
459 438
262 855
394 471
807 169
220 965
350 556
100 51
851 861
268 871
548 795
881 290
534 850
30 717
399 849
964 619
181 847
616 160
427 451
247 194
565 233
986 862
754 274
60 487
946 448
284 255
88 1000
291 552
640 591
347 793
316 200
497 330
879 637
467 332
857 84
883 980
94 357
601 95
286 771
583 27
805 959
435 283
24 814
356 831
766 562
288 567
694 315
485 420
473 637
148 727
130 422
350 277
892 840
749 593
788 807
933 282
836 832
728 884
802 711
907 816
912 11
119 948
105 864
137 828
814 102
893 759
162 371
883 385
3 507
520 559
634 725
747 206
619 395
557 853
709 150
676 801
71 937
353 588
140 614
380 867
960 754
772 823
703 729
778 224
651 114
394 233
252 165
141 908
167 908
579 468
781 912
673 783
930 150
968 861
280 991
272 852
186 646
281 682
52 227
595 597
915 544
69 928
158 499
15 14
308 4
436 241
311 999
632 648
820 323
137 180
724 583
611 306
169 875
971 799
908 714
888 916
468 817
144 551
975 684
934 50
351 132
455 280
482 85
47 255
873 668
88 964
730 319
952 877
401 25
38 470
278 417
709 899
361 813
583 110
382 629
992 982
257 762
916 145
517 268
350 471
448 75
677 118
550 460
701 80
796 836
266 715
13 110
862 477
554 914
947 64
885 100
260 537
980 136
175 494
65 345
257 821
59 711
893 554
782 557
510 74
581 157
337 921
313 10
896 539
235 465
127 711
222 745
928 516
683 586
12 287
732 142
381 88
823 97
595 924
202 82
99 795
194 573
140 699
860 234
44 74
775 19
262 98
379 488
965 417
737 738
445 733
12 716
29 591
696 756
328 536
147 188
459 382
564 427
801 79
953 116
826 490
845 446
721 22
280 458
983 272
180 35
808 780
209 565
472 225
750 244
74 637
470 14
496 714
902 617
351 306
160 398
145 222
921 845
297 43
632 898
136 487
505 200
69 567
22 983
194 47
304 712
411 172
821 617
456 531
734 458
257 710
394 505
739 464
800 316
273 348
2 306
519 891
792 912
245 40
443 167
286 746
178 467
274 958
213 571
92 316
352 401
248 226
595 311
175 627
487 317
913 686
788 590
165 453
827 160
19 991
261 842
724 792
715 393
839 697
519 524
220 15
749 999
495 135
315 485
660 503
292 531
196 298
923 659
599 738
724 190
646 849
285 487
824 615
492 685
957 762
664 764
132 622
647 441
209 85
657 259
599 960
163 612
350 678
884 410
78 337
25 587
929 173
915 77
897 399
350 561
585 187
316 737
154 802
967 962
414 966
800 251
663 301
259 515
703 68
959 174
753 231
983 308
892 212
789 619
669 965
581 873
213 441
83 159
495 832
683 809
665 806
80 258
136 478
330 886
757 557
978 842
170 287
759 243
445 391
230 999
415 563
285 712
829 481
867 178
960 368
999 945
164 320
827 512
40 206
645 415
335 281
464 798
265 963
231 152
658 794
531 472
900 739
901 243
879 845
865 151
535 536
79 917
840 627
576 727
533 560
718 830
957 720
281 119
983 592
253 883
948 789
202 723
972 243
283 958
417 480
92 38
141 645
163 853
388 694
685 72
746 182
340 795
20 921
149 251
464 227
119 573
580 49
278 505
391 850
877 625
162 118
475 997
205 52
975 560
361 773
543 348
929 216
16 735
327 737
953 210
369 299
268 668
958 861
723 665
776 785
731 69
261 4
286 34
747 991
398 423
536 196
877 477
247 44
428 650
307 875
769 578
105 966
561 736
484 689
820 43
144 572
120 337
899 956
666 849
96 937
540 954
194 378
850 937
492 123
61 10
216 58
140 415
178 806
142 373
734 499
607 3
420 895
887 307
79 674
769 507
507 719
218 662
865 465
869 166
631 782
83 268
447 791
752 109
515 923
148 720
387 300
762 186
243 141
72 618
839 978
474 770
1 434
937 827
168 157
151 332
566 78
362 223
580 116
183 991
860 303
339 325
175 555
289 616
556 490
3 506
135 233
980 442
822 301
624 484
791 482
651 151
157 450
447 90
54 74
201 390
862 973
461 76
599 682
638 916
552 639
898 407
707 797
693 466
517 516
77 13
812 448
427 98
986 501
51 654
432 956
604 802
988 641
864 927
919 769
632 427
545 308
472 1000
218 20
312 81
664 486
460 121
43 931
171 246
214 719
302 876
873 976
507 62
75 274
368 280
479 60
121 175
750 217
143 501
971 220
679 231
863 346
171 99
369 130
134 536
952 255
15 439
442 853
385 587
249 325
232 83
550 227
293 26
387 221
282 813
744 752
714 1000
217 272
109 994
348 574
374 462
527 934
568 301
632 495
435 374
706 690
538 397
463 140
273 256
93 159
901 413
709 309
698 582
990 294
439 36
524 974
945 359
358 188
951 393
115 921
556 819
836 991
965 253
578 279
985 292
187 149
577 740
548 186
641 328
860 116
788 649
185 948
314 16
23 632
480 97
713 334
37 780
96 344
478 918
279 835
548 408
253 849
519 9
8 953
885 761
462 682
30 110
712 129
994 887
349 780
834 748
851 566
820 943
272 945
989 732
783 853
96 533
941 601
728 748
610 838
459 206
887 176
512 182
87 478
659 20
209 564
262 574
248 756
595 89
677 469
143 457
241 879
973 426
964 687
483 141
856 648
485 784
201 629
975 177
644 177
901 191
929 701
658 21
677 311
386 880
298 388
182 750
23 506
481 423
653 927
144 177
805 36
143 909
202 75
78 821
22 822
739 288
758 76
886 433
390 938
796 937
182 520
827 965
120 831
562 426
525 54
126 373
571 472
224 237
198 91
139 340
323 755
556 369
845 682
629 805
97 450
45 34
83 147
780 219
548 79
453 269
96 6
618 247
84 559
414 504
326 676
327 819
499 240
983 770
737 380
776 982
719 772
13 679
299 185
817 260
51 808
100 932
509 776
264 124
370 206
780 774
234 545
237 894
861 370
522 162
760 681
337 808
928 629
158 394
154 563
553 776
518 62
186 703
232 259
410 601
265 36
254 863
289 190
545 109
963 810
69 871
983 311
734 619
554 501
368 288
667 482
624 625
217 61
400 806
899 579
665 805
84 459
268 562
971 117
114 542
61 997
616 356
731 597
940 25
292 271
627 173
64 178
601 65
508 909
75 870
113 431
123 626
108 230
182 613
918 297
830 613
135 593
175 304
619 500
987 886
808 67
420 393
206 414
867 480
991 722
690 27
28 598
178 327
92 257
76 958
576 94
727 761
728 777
315 403
443 198
295 183
768 543
642 248
989 303
594 225
63 614
598 973
604 864
872 273
633 494
655 659
729 899
972 565
555 615
258 531
868 742
315 750
525 623
195 84
520 175
343 171
724 753
581 680
983 4
108 834
346 123
573 980
6 447
446 182
599 84
360 179
159 727
695 545
254 723
536 86
501 654
169 362
484 317
824 209
807 56
593 500
902 788
299 353
860 13
347 637
906 426
477 599
464 485
165 170
176 735
481 269
744 661
504 602
620 376
442 656
858 189
924 312
763 256
307 294
736 756
130 309
115 753
255 815
300 613
301 316
411 260
50 124
714 215
507 703
794 633
188 210
406 25
955 427
822 913
373 379
24 974
650 782
690 63
218 681
552 36
145 626
917 756
796 695
466 46
16 225
258 454
568 975
612 835
483 817
163 227
664 956
281 124
884 31
79 319
85 958
410 520
799 22
715 783
989 420
37 791
258 580
724 567
33 332
729 927
774 227
8 926
935 308
774 114
647 384
834 649
488 85
236 639
759 508
3 966
579 103
872 507
233 679
436 76
272 997
423 838
911 221
454 600
973 308
939 236
83 894
360 845
843 776
146 56
838 525
274 404
296 356
169 250
26 533
227 396
692 194
404 128
350 787
810 373
406 360
139 879
875 409
655 367
553 754
374 463
342 681
352 681
978 565
500 273
286 652
287 349
839 800
455 539
405 258
540 323
997 717
50 243
268 62
969 415
1 413
443 32
960 246
528 394
754 986
637 547
712 710
533 984
880 524
607 587
337 263
428 90
139 9
382 399
659 814
419 361
120 224
375 632
980 590
320 369
841 768
860 228
422 523
24 486
465 116
263 313
410 671
429 327
609 669
849 142
655 632
507 270
769 461
73 968
494 120
793 455
703 844
502 519
363 847
345 456
262 797
621 708
217 774
733 726
43 910
584 698
242 290
192 627
87 590
74 635
204 234
21 812
540 844
333 970
248 842
433 712
450 678
752 490
456 823
772 399
95 80
173 646
448 395
762 958
620 305
195 902
14 462
108 477
771 305
193 329
208 523
616 408
737 612
705 198
136 711
709 758
228 777
909 500
456 612
199 724
921 542
334 581
460 768
670 919
164 297
442 680
214 926
179 969
292 168
634 297
660 254
549 256
625 666
58 365
501 917
335 891
971 385
417 474
87 999
387 914
7 485
124 621
324 127
626 683
220 440
79 503
220 658
121 549
651 981
451 116
891 619
855 455
158 13
430 627
879 461
366 240
702 590
629 566
155 981
934 953
410 866
803 713
739 711
343 185
618 365
696 658
750 453
755 369
459 284
96 562
479 849
731 6
964 483
289 189
596 794
173 951
494 933
981 864
181 872
332 452
890 640
565 146
918 488
853 151
856 357
639 698
86 302
571 970
74 750
995 122
657 447
563 286
910 241
749 439
770 604
67 996
153 582
45 560
618 764
864 278
430 410
89 276
967 401
145 474
386 964
792 895
317 828
10 646
664 407
340 387
857 799
17 160
348 662
350 316
867 402
705 339
870 567
620 74
638 438
958 217
9 230
784 989
72 991
699 298
58 670
610 323
793 801
410 275
267 390
573 446
7 440
124 191
391 25
874 239
250 709
219 830
600 412
101 318
375 691
405 423
978 208
742 57
618 123
158 990
474 275
458 956
851 403
539 128
548 465
993 614
707 734
246 934
135 331
746 342
518 946
309 116
159 786
686 690
232 127
255 781
777 147
838 772
967 928
470 408
807 59
510 905
276 577
542 316
377 512
28 772
416 68
878 500
860 647
40 592
902 932
282 565
834 102
891 123
658 440
255 752
830 202
838 530
331 806
65 92
804 993
877 213
700 562
458 165
278 408
117 352
136 417
246 12
765 864
792 463
331 270
600 148
819 21
741 590
951 528
884 565
973 804
957 447
580 814
931 732
455 566
387 302
581 388
193 579
726 599
48 847
567 593
605 286
225 82
867 543
796 513
486 91
608 669
477 316
336 944
575 310
43 194
290 772
419 255
385 51
538 107
296 626
228 629
724 850
893 869
250 729
162 327
447 626
724 961
980 555
893 982
174 483
6 818
125 650
722 771
205 500
245 979
104 729
871 899
730 565
767 626
716 960
219 56
510 489
756 449
498 465
101 52
985 993
971 658
238 503
810 663
849 50
355 697
962 499
469 354
414 866
751 63
418 353
725 592
798 900
566 352
346 975
759 369
65 877
321 283
29 202
912 994
787 482
327 485
38 152
575 67
388 127
83 769
264 933
707 347
981 792
820 154
877 919
956 618
739 842
167 461
778 690
672 145
156 98
1 935
843 920
592 152
442 851
755 128
612 171
777 506
796 50
853 79
527 130
490 551
252 586
2 429
406 361
248 403
892 538
443 724
303 832
362 396
821 643
663 160
390 844
5 950
10 864
508 805
89 765
41 180
844 635
519 1
689 958
107 15
309 511
285 464
516 469
818 237
816 968
254 483
718 434
974 984
666 9
673 945
7 371
136 872
858 817
175 713
343 699
568 875
6 49
48 255
763 984
983 907
884 568
745 25
111 828
441 288
647 176
923 648
102 913
380 787
73 749
242 780
216 911
3 112
931 274
327 901
543 305
487 815
772 933
359 510
669 299
447 141
394 283
379 203
270 398
111 240
223 490
544 571
138 772
782 485
489 552
94 605
630 691
560 304
927 637
15 111
111 470
60 580
995 355
708 826
639 816
859 400
19 217
437 554
920 524
43 687
154 50
981 941
798 557
198 457
680 600
679 282
493 771
297 40
136 490
869 632
304 892
965 633
639 534
431 61
622 800
823 539
760 516
667 483
155 55
728 243
382 916
274 667
615 638
334 99
356 867
948 623
416 584
92 537
117 122
390 936
118 813
932 187
102 274
847 264
278 29
944 537
706 600
157 836
598 618
533 21
642 496
679 93
37 490
455 911
993 44
650 967
176 834
39 845
495 787
500 955
905 967
658 761
383 590
77 399
442 124
267 728
927 23
270 814
842 87
58 76
500 857
589 389
384 44
616 40
704 613
615 369
836 98
819 852
719 695
9 482
655 607
401 321
234 559
57 494
403 214
538 615
929 162
472 563
234 702
38 966
664 433
721 64
209 372
940 644
582 951
53 139
184 86
829 570
96 674
597 462
318 33
177 871
877 974
639 474
844 25
369 232
350 854
846 635
670 421
284 96
433 666
921 957
958 480
317 488
501 379
673 368
14 56
71 57
577 220
905 325
501 236
628 825
76 834
957 41
373 715
250 159
814 995
131 26
796 792
9 634
451 761
291 832
19 689
149 610
277 413
169 380
997 710
784 847
410 470
671 690
947 442
560 852
954 482
93 118
578 111
573 332
979 13
304 307
983 621
548 30
568 948
36 202
681 763
844 865
300 199
214 645
960 665
440 578
901 859
439 780
373 892
823 938
20 821
683 853
479 752
121 633
279 788
263 243
450 406
504 367
681 806
703 673
785 768
916 94
704 752
67 16
16 722
32 193
811 145
738 915
686 691
393 8
46 850
894 566
200 542
238 58
699 548
226 514
427 281
601 630
94 533
935 193
332 410
50 765
398 85
396 977
612 33
316 998
812 547
83 981
725 270
142 94
735 165
863 496
380 881
805 311
402 266
334 881
574 338
451 951
677 205
326 501
602 734
350 511
761 436
653 852
857 969
162 785
640 865
74 485
235 259
615 646
193 465
212 107
793 738
683 722
445 715
101 669
339 104
486 969
782 682
72 621
360 648
884 724
334 301
739 475
210 775
746 302
838 141
463 376
918 335
767 142
469 983
646 611
229 283
233 216
70 453
61 214
284 855
733 780
120 504
352 663
613 502
669 518
837 766
859 858
219 59
536 359
951 608
348 477
389 269
119 514
764 981
582 578
241 432
12 699
470 219
110 178
147 164
482 926
678 623
755 296
575 253
152 701
725 704
372 792
527 382
468 718
450 977
605 923
434 862
648 780
521 2
632 763
959 880
781 592
674 992
71 112
809 799
850 659
522 700
139 784
809 314
434 204
36 616
809 936
746 698
631 969
706 288
155 42
619 513
416 702
625 176
607 96
865 385
611 101
459 752
64 224
83 700
279 330
799 658
803 539
849 917
117 810
680 68
857 854
456 729
331 523
342 353
972 898
192 243
121 211
598 591
845 396
841 202
940 522
819 703
343 709
179 540
609 215
148 469
10 466
396 387
897 842
239 261
210 13
673 739
823 125
515 436
348 131
280 995
368 752
944 442
566 494
110 509
183 371
776 951
580 229
563 884
215 66
592 539
132 630
544 691
782 534
609 841
349 777
447 140
506 584
454 216
532 102
441 995
595 574
569 794
272 963
717 239
612 411
632 569
928 330
843 857
330 636
852 729
172 699
673 506
506 413
785 392
298 353
136 28
728 470
781 628
624 679
368 485
633 607
65 27
929 690
666 791
970 270
352 617
79 750
1000 633
430 380
865 429
710 343
554 995
701 112
226 336
689 584
616 696
840 716
515 365
865 666
656 174
583 509
269 885
642 497
76 917
2 80
918 98
153 164
979 112
842 474
748 339
861 108
629 240
559 741
585 122
335 988
845 568
385 122
439 811
542 616
263 121
46 379
555 751
844 455
825 677
128 179
898 427
495 97
116 874
803 378
869 229
851 614
524 384
684 483
117 366
976 132
406 891
269 851
982 174
765 278
513 851
554 353
591 654
512 149
125 552
741 313
86 189
345 117
97 724
170 392
83 937
27 180
382 727
850 941
791 707
79 605
226 931
354 108
743 714
246 38
39 559
739 415
10 967
687 899
47 32
480 688
350 403
761 264
101 791
467 149
269 951
808 183
457 431
519 859
44 633
27 845
376 345
818 80
505 443
639 248
785 153
221 15
633 951
690 22
784 991
126 148
993 79
741 953
513 416
1 372
865 117
59 58
465 263
179 709
315 261
888 65
997 737
339 395
16 934
646 678
582 655
315 370
923 883
928 839
233 29
984 835
896 229
628 367
538 678
374 273
525 620
608 174
95 560
35 998
944 160
546 236
750 372
989 656
385 514
668 575
800 623
472 528
787 347
91 806
935 115
169 592
223 301
61 578
354 460
104 187
581 973
203 817
764 137
85 317
856 218
126 907
289 456
787 57
661 592
80 339
354 302
687 720
869 733
542 333
15 215
660 664
40 993
636 377
818 560
321 968
801 454
644 116
596 397
133 393
865 156
622 729
643 308
973 849
118 72
322 581
767 373
749 298
911 559
240 966
135 545
763 498
188 124
397 230
420 89
672 764
526 317
236 673
737 908
370 879
534 139
700 231
997 547
669 13
987 629
201 168
186 220
889 795
548 130
346 486
332 533
991 838
837 364
414 55
33 824
660 427
153 185
827 458
723 269
228 853
101 161
431 784
589 332
422 637
501 988
814 551
584 84
34 109
536 407
534 678
891 477
48 273
843 606
396 372
522 121
176 437
622 206
769 640
898 804
668 434
936 816
104 151
180 84
860 758
347 557
756 903
473 101
673 477
364 872
436 365
62 44
139 898
134 585
344 452
933 788
711 163
989 250
65 179
553 402
202 192
870 659
477 390
321 758
217 870
287 457
149 552
361 562
982 636
225 3
222 700
727 860
767 79
678 500
700 20
974 943
652 151
780 92
193 734
692 688
802 268
148 470
700 139
758 945
814 903
286 316
897 841
348 237
903 183
137 940
354 961
48 64
357 218
840 252
125 110
474 294
632 126
138 81
105 2
380 924
769 81
953 300
935 324
815 914
779 216
927 992
286 953
72 292
254 524
782 34
370 57
722 290
190 276
172 775
565 872
916 390
4 728
960 830
428 552
322 39
361 835
276 916
298 76
250 924
997 334
3 68
450 899
159 825
520 77
525 34
750 249
405 827
572 495
424 649
555 609
66 194
916 570
4 28
3 710
541 339
527 224
571 784
883 994
40 840
661 874
902 652
464 920
818 843
819 222
969 717
550 402
53 666
591 258
130 329
459 671
890 73
47 508
841 395
753 759
274 552
900 756
767 402
895 169
476 233
425 573
714 125
719 204
248 231
693 801
583 397
879 522
76 997
239 427
852 338
15 890
861 412
883 380
937 772
300 108
232 586
413 907
641 424
751 445
550 824
974 212
812 215
281 297
635 235
546 487
712 963
551 634
879 345
310 172
955 313
902 480
426 441
119 596
305 492
822 11
458 790
521 524
264 547
814 607
232 247
855 433
346 99
932 942
147 366
775 272
355 755
686 661
502 614
380 134
937 749
756 729
364 571
797 105
551 97
671 470
693 40
87 265
15 476
682 827
720 122
99 327
30 763
747 903
790 845
845 302
428 623
778 761
671 445
108 286
90 305
53 427
424 357
320 310
16 479
584 951
514 818
357 36
810 185
403 517
155 100
430 302
70 881
734 280
420 832
916 845
9 751
672 441
925 521
876 57
179 155
553 490
698 688
780 262
585 938
947 271
948 764
399 1000
957 378
460 950
944 519
131 183
486 946
235 382
880 517
762 452
709 410
548 24
628 366
594 842
131 728
940 866
836 787
379 728
470 753
658 731
625 788
710 939
300 80
301 809
763 898
83 35
453 638
497 518
405 251
430 678
769 104
788 316
314 327
45 437
980 752
513 99
785 774
879 482
775 231
46 993
806 571
717 84
935 413
403 244
86 81
977 175
775 372
815 827
872 387
319 904
603 21
142 659
609 932
4 656
725 554
808 826
682 799
410 881
32 440
584 757
969 210
803 853
364 773
381 673
721 332
230 858
946 619
508 518
243 694
5 300
99 65
89 91
588 907
79 560
833 84
847 247
943 411
734 500
383 238
809 963
169 444
922 738
749 297
873 360
535 338
168 100
97 834
5 607
444 209
83 275
502 347
164 240
311 355
671 515
452 715
514 346
92 370
112 400
404 566
482 638
880 137
31 241
32 689
379 664
447 577
713 123
611 660
907 151
428 947
860 109
443 343
528 223
413 883
642 843
796 68
441 378
918 996
978 179
7 191
817 247
621 809
406 657
471 18
646 786
7 204
160 589
983 183
882 294
204 318
593 557
427 89
272 842
542 125
263 516
437 806
747 801
950 710
95 821
811 12
208 999
858 33
175 123
809 611
756 896
808 677
790 885
536 852
350 812
939 369
743 815
635 174
618 816
268 615
821 893
843 925
437 580
118 139
122 198
263 968
49 517
24 37
795 313
672 114
654 6
17 67
515 732
150 549
166 364
903 861
691 63
433 275
622 613
532 853
545 710
418 536
685 811
183 792
495 538
440 368
361 706
203 316
683 630
746 823
785 497
842 226
207 348
299 215
707 672
689 157
802 596
269 561
642 13
87 547
560 910
372 228
709 227
699 53
10 306
195 242
841 772
486 31
628 68
745 160
211 636
894 259
113 574
737 452
741 436
85 867
221 432
487 808
73 972
38 590
976 779
884 396
320 879
599 939
410 957
164 944
228 63
548 714
399 88
661 437
898 777
313 287
9 54
601 940
674 800
513 742
223 245
351 448
473 82
496 221
170 402
498 519
209 696
853 255
639 642
453 13
110 102
921 855
122 218
340 149
258 45
952 620
611 50
226 760
766 914
584 890
790 482
38 327
193 494
130 93
396 454
948 618
109 594
773 513
117 71
321 578
987 865
918 497
280 517
173 326
555 225
416 183
128 585
149 813
597 687
671 872
374 632
880 989
129 337
882 86
802 289
905 964
877 795
211 4
291 485
894 907
738 582
576 277
600 411
340 926
107 637
92 207
992 453
281 101
650 695
263 136
134 449
747 429
859 791
458 900
955 312
722 48
742 224
730 744
451 9
694 71
56 983
717 478
479 959
760 831
457 833
927 652
375 894
162 223
716 666
632 377
907 667
414 953
39 20
556 898
152 328
824 990
559 704
677 658
676 71
828 365
555 58
920 845
462 980
265 440
17 719
860 703
75 465
617 406
378 130
506 447
716 94
332 343
575 277
378 245
17 489
330 880
536 571
463 956
778 984
674 665
70 886
914 136
331 358
83 649
28 834
268 269
313 864
117 426
502 380
313 531
701 914
60 30
79 994
338 344
212 193
649 105
126 267
435 546
912 752
455 991
205 904
888 758
510 53
776 565
941 165
889 140
2 933
462 43
905 282
653 322
675 406
841 994
218 28
435 881
577 936
707 521
580 281
85 933
67 358
943 649
569 1000
950 191
880 679
510 358
184 288
650 683
633 497
730 605
664 835
958 613
150 550
450 260
529 535
907 310
452 473
556 983
150 768
320 855
851 757
871 718
954 758
316 643
426 79
322 108
711 522
126 724
17 538
754 43
343 438
242 279
962 60
604 745
557 983
528 825
123 489
325 637
696 127
221 572
104 823
481 663
99 64
445 52
230 810
201 560
878 730
754 412
203 494
776 6
853 24
18 825
986 547
818 882
416 516
808 262
672 801
166 464
64 154
870 580
598 439
459 567
923 356
11 622
49 311
723 556
308 816
58 719
774 777
813 301
743 172
248 396
1 293
386 377
558 3
28 806
470 675
132 1000
775 774
858 712
676 985
1 199
537 437
719 933
907 258
244 507
848 762
29 529
306 738
36 463
811 579
663 546
558 332
90 912
881 955
923 974
587 873
428 439
747 659
142 765
34 986
898 691
318 386
825 46
419 797
612 482
320 546
372 795
302 886
855 862
62 754
87 304
180 86
881 455
76 39
815 572
793 402
514 985
677 571
660 719
368 365
239 711
868 170
319 530
531 735
151 429
429 563
229 737
933 227
204 929
978 780
170 721
852 789
160 327
568 324
986 607
992 656
960 446
425 392
636 642
1000 845
914 517
516 402
6 643
300 868
528 399
638 510
965 86
362 61
555 998
783 807
336 912
478 751
580 435
706 786
36 269
864 390
607 694
496 826
138 381
638 216
876 597
842 453
182 98
546 640
850 56
860 225
153 188
955 287
210 298
158 26
785 828
492 832
493 409
894 990
799 833
405 931
428 260
285 397
786 754
806 753
238 407
854 749
878 231
355 806
908 465
32 259
506 710
125 912
972 943
662 15
122 918
565 8
252 277
829 753
554 283
95 953
636 115
892 229
386 552
833 241
856 654
736 996
558 669
977 690
834 221
1000 749
230 13
571 786
645 275
961 198
563 182
88 86
251 418
204 596
297 206
482 850
322 651
861 982
902 610
439 352
597 844
469 446
280 518
409 166
338 260
546 801
875 55
785 323
344 909
384 484
417 442
520 944
371 372
634 306
434 642
112 552
830 137
432 431
236 905
384 258
889 977
376 252
504 305
822 495
953 620
987 307
115 153
10 215
232 475
530 926
893 922
159 330
556 206
722 226
210 270
266 12
655 554
159 475
626 902
516 920
313 323
794 614
698 239
474 90
849 126
25 588
157 87
180 488
702 815
110 105
419 836
349 226
902 147
262 754
122 571
657 732
363 703
159 654
882 81
95 780
597 458
113 310
624 536
825 215
955 852
801 334
964 654
986 834
25 802
950 937
75 417
701 493
388 450
854 181
985 10
455 410
477 766
773 817
98 245
444 502
636 885
675 895
69 532
772 255
166 346
539 284
23 423
871 712
47 45
567 682
14 350
876 879
41 156
618 396
406 388
562 358
874 532
322 751
417 957
476 344
994 157
300 526
227 566
304 457
417 814
54 549
296 893
724 101
67 954
13 256
625 552
757 27
279 477
49 500
267 445
15 811
827 197
441 386
495 819
166 881
794 390
390 325
553 52
14 773
202 557
367 373
22 272
290 216
474 365
519 61
723 370
593 811
361 213
785 875
591 299
741 378
318 645
393 850
782 341
68 980
411 624
20 23
494 74
785 924
501 886
724 767
11 380
525 796
557 341
497 247
941 522
858 216
954 759
901 428
189 394
371 603
341 831
87 303
844 170
99 357
979 312
864 936
531 976
915 113
368 322
900 251
80 342
834 99
411 990
618 986
270 23
436 315
818 559
674 587
860 930
576 581
494 736
341 371
164 284
256 975
577 45
335 341
19 811
965 718
822 841
634 25
835 770
184 656
151 468
279 259
391 453
943 872
529 236
490 384
993 511
131 792
337 372
858 986
453 173
407 556
671 803
84 655
819 724
691 982
787 452
784 220
788 764
888 96
11 45
193 898
201 399
181 495
361 177
987 133
552 614
794 559
462 337
123 825
551 909
758 127
377 852
994 989
561 970
659 325
848 122
812 733
367 584
413 294
346 891
683 72
99 385
852 705
964 695
554 439
905 138
591 152
308 445
947 796
511 869
188 328
368 352
247 815
816 547
313 701
631 965
320 239
748 167
383 584
803 85
287 458
737 707
75 804
331 446
351 563
457 100
633 899
163 39
580 557
497 314
836 951
177 246
549 278
128 542
755 513
771 804
224 183
737 236
598 813
177 71
659 967
948 980
629 137
81 995
707 563
854 806
157 526
84 530
638 217
894 39
435 936
98 946
231 754
256 262
567 116
1 83
257 457
918 902
595 887
707 849
833 960
861 360
855 757
833 795
635 659
83 523
711 798
752 981
825 879
590 169
133 623
224 851
280 308
437 141
354 926
584 450
595 836
256 301
310 912
685 572
318 447
854 349
246 14
453 904
460 148
189 434
775 463
635 878
90 425
218 354
290 567
686 969
469 19
659 63
785 876
777 392
796 508
230 864
156 67
143 548
913 312
753 57
237 360
917 817
256 873
169 216
208 626
318 747
361 864
866 235
3 827
800 208
359 298
415 724
531 343
770 997
112 109
683 624
23 499
184 592
687 88
65 313
174 901
248 606
507 652
400 194
370 976
541 739
835 986
662 793
554 835
651 922
54 713
28 963
352 425
10 611
585 237
966 274
14 959
235 375
420 370
318 829
135 153
582 194
159 23
254 147
951 27
21 323
258 740
387 920
224 689
410 475
44 722
750 915
626 677
20 798
756 96
650 693
209 300
232 476
626 564
897 116
561 167
194 904
413 170
717 476
310 850
96 490
224 671
120 480
16 747
691 774
578 597
635 556
797 501
910 524
128 324
481 830
335 391
302 828
212 553
235 632
408 573
976 422
481 536
100 870
753 84
937 285
351 183
541 131
549 648
41 349
830 163
298 464
776 461
127 365
517 315
776 251
687 911
88 51
625 380
273 167
84 39
954 766
362 449
469 619
640 777
187 278
80 838
602 983
656 157
628 587
44 516
518 283
841 134
719 247
280 658
197 647
727 758
432 509
767 145
41 581
2 931
444 524
896 475
126 122
842 395
92 62
699 14
791 470
547 82
766 42
324 89
145 826
495 16
902 304
6 773
617 794
135 419
898 969
896 249
327 955
94 962
721 884
498 423
501 964
673 905
898 570
593 178
775 224
556 977
193 879
945 590
565 941
180 461
309 239
648 567
996 111
302 856
564 363
468 576
394 431
90 510
294 204
407 423
74 554
146 463
147 986
316 995
482 471
393 382
464 727
325 635
324 834
327 29
19 276
519 758
645 72
901 222
393 463
252 572
551 274
903 997
134 854
563 320
64 764
584 805
614 797
308 540
737 678
814 290
546 900
88 190
736 634
878 933
681 431
535 476
168 246
421 748
80 802
291 240
75 537
598 663
501 377
343 572
382 2
22 293
447 578
429 435
16 216
453 317
699 445
279 593
103 301
175 672
310 555
533 830
55 398
646 759
370 476
337 173
266 227
315 320
92 177
457 532
280 59
341 670
548 364
436 646
376 674
640 606
959 298
823 909
594 369
778 120
664 127
459 333
994 487
725 602
637 190
712 331
198 682
171 298
129 613
510 445
530 427
129 662
204 110
632 657
156 201
255 319
904 1000
610 524
574 947
632 768
815 431
856 692
998 979
843 926
381 819
296 363
725 414
504 526
506 880
843 111
716 247
762 917
468 24
382 610
2 436
117 511
247 588
503 742
17 209
805 8
771 504
793 592
649 532
120 700
192 89
698 735
240 885
738 236
850 498
121 214
448 866
236 641
370 655
267 876
942 275
970 826
675 212
974 802
546 765
925 991
455 541
654 752
896 532
288 953
205 688
359 391
171 608
450 438
955 160
280 1000
906 868
120 231
104 684
341 705
897 111
182 19
120 342
637 399
12 630
510 527
900 259
24 28
962 446
319 239
911 491
107 833
471 416
823 655
613 247
355 731
707 142
564 525
581 617
512 96
678 573
425 262
522 25
741 147
669 214
547 678
198 662
552 925
554 374
759 339
765 766
694 698
695 663
1000 234
935 132
773 57
482 300
38 9
815 323
449 206
268 518
415 945
458 148
39 689
248 704
544 509
412 357
587 433
203 424
758 442
705 46
526 44
417 707
75 882
403 971
10 959
374 755
778 773
566 940
606 137
273 331
368 649
540 271
615 709
84 115
784 857
288 648
771 101
365 886
153 830
444 267
376 433
947 420
469 680
353 913
874 355
88 404
948 826
608 859
439 177
866 671
391 50
344 685
20 680
662 235
442 6
101 259
840 141
788 693
864 19
447 518
525 754
203 716
78 188
150 537
552 575
281 591
335 644
176 275
323 196
419 761
868 808
816 835
835 33
85 450
15 427
769 339
475 702
811 56
632 491
940 476
36 140
432 715
558 44
459 226
77 815
99 331
762 521
138 949
503 245
398 67
611 632
579 834
502 951
319 711
213 64
792 569
536 847
672 223
88 790
623 506
716 168
256 886
340 180
307 421
532 554
202 181
464 888
429 906
891 803
947 117
783 411
169 845
35 52
667 114
690 274
174 934
150 290
473 623
390 910
343 938
749 611
128 697
253 154
520 991
832 81
787 190
838 155
842 214
268 519
19 917
339 176
658 580
474 585
2 928
353 860
432 77
344 649
623 757
944 393
417 360
825 603
223 852
149 145
6 250
599 665
765 241
710 530
915 582
698 186
347 24
115 484
977 385
650 313
817 344
245 529
384 957
792 42
849 207
727 429
693 374
803 746
315 373
493 240
777 779
506 121
925 131
214 202
416 381
543 613
858 73
217 839
34 663
717 178
904 273
522 928
543 522
464 952
472 539
976 387
575 421
942 920
28 40
844 508
271 324
668 248
83 584
987 154
259 405
5 697
479 374
763 171
409 465
268 300
127 145
365 540
142 314
739 275
98 505
884 258
301 971
107 109
514 423
911 603
861 796
328 509
225 107
334 311
580 715
876 334
861 62
934 682
349 458
116 491
905 944
230 87
89 821
182 234
129 414
16 666
814 991
676 964
733 149
914 849
736 824
439 878
847 157
287 842
110 491
864 219
441 382
888 209
137 661
86 592
966 916
537 212
195 56
233 909
531 562
475 984
42 685
906 50
946 967
637 204
8 575
473 303
402 789
20 164
829 922
556 950
629 664
696 849
289 141
77 870
707 435
601 596
833 639
899 741
542 259
48 963
801 155
53 382
237 497
536 856
385 612
801 372
866 332
1 952
952 136
39 652
316 887
152 976
48 801
450 717
53 528
455 348
317 155
100 541
230 932
357 352
624 927
736 825
809 35
113 414
547 688
445 311
247 591
196 995
349 75
832 251
80 880
45 642
799 553
946 79
474 892
961 132
847 317
850 499
210 850
541 654
581 353
527 591
697 880
679 768
573 285
463 437
121 326
35 146
131 647
150 161
486 201
82 953
509 168
112 670
353 644
163 411
375 707
721 463
949 528
822 262
628 465
59 982
996 541
962 669
409 779
175 820
915 529
738 285
789 40
461 103
102 795
51 983
125 218
111 27
798 201
579 879
56 942
632 353
108 898
95 644
112 555
610 294
755 266
280 468
928 320
507 213
678 796
276 512
613 825
464 736
686 975
212 646
873 580
821 812
956 517
773 73
556 591
26 718
230 870
468 863
916 967
565 344
606 364
652 620
504 922
397 71
512 631
921 629
670 780
363 62
757 226
102 409
619 769
321 582
468 275
417 775
940 597
425 544
390 562
407 880
49 380
106 871
88 486
54 719
567 206
81 547
392 978
693 812
692 657
761 600
879 529
30 786
555 967
257 152
809 475
558 62
942 217
55 64
140 706
817 242
606 597
93 702
741 754
758 688
458 433
842 631
592 622
224 802
975 689
228 874
599 869
431 983
200 267
475 915
832 562
703 795
929 202
472 651
72 325
622 784
789 814
337 807
321 442
104 54
308 160
937 720
829 962
208 583
389 97
691 993
472 937
218 213
535 784
574 878
21 630
924 873
946 753
399 452
256 553
994 741
406 607
941 854
294 722
48 907
74 647
274 69
520 309
518 736
588 924
588 856
575 358
373 826
139 862
1000 716
883 965
365 422
256 998
5 725
580 931
451 849
412 761
162 772
550 435
607 166
739 502
360 716
268 408
37 341
222 851
169 357
64 93
541 709
67 814
139 397
128 698
718 723
274 920
280 613
525 81
230 473
512 848
826 937
474 935
867 632
317 647
695 310
340 728
324 165
348 35
477 321
650 629
444 52
637 739
965 188
518 14
879 666
590 811
784 258
966 542
163 863
261 351
936 605
224 863
300 609
926 440
450 401
651 971
555 606
685 975
599 777
66 607
769 412
54 134
807 380
405 984
923 919
284 671
266 446
567 348
897 368
690 242
954 771
688 347
47 680
284 270
911 339
826 313
134 264
19 719
929 48
786 987
380 278
212 853
699 682
792 376
84 898
7 683
194 430
782 343
270 107
290 637
277 917
220 543
817 884
839 499
786 253
739 569
863 505
556 535
964 892
653 764
530 9
913 151
566 843
308 623
21 517
316 178
689 680
691 38
231 289
715 412
340 318
477 993
540 193
524 766
391 433
140 247
503 653
911 602
572 210
798 539
832 15
374 735
781 122
787 729
295 810
315 232
796 537
84 795
942 50
39 458
348 912
165 614
411 652
676 118
129 413
438 129
47 825
619 738
615 67
236 972
441 268
738 522
847 156
564 870
871 810
768 867
162 462
793 208
733 950
94 956
756 457
96 862
279 934
653 251
968 249
971 650
608 320
485 302
420 325
324 748
327 703
699 1000
938 352
612 287
821 53
458 525
848 125
77 869
461 390
338 582
397 670
542 374
8 451
100 169
873 623
985 421
623 351
152 930
857 227
31 527
754 301
919 479
647 972
541 329
856 293
892 419
204 989
231 800
258 113
191 673
731 916
400 330
308 579
424 64
597 963
143 308
122 421
106 622
18 680
250 740
523 484
367 352
681 393
75 950
153 800
396 508
808 4
793 880
154 186
956 710
732 157
594 892
222 581
850 274
462 244
282 358
953 747
951 48
24 721
944 290
873 348
49 130
257 93
702 889
974 194
498 267
315 323
907 7
50 556
586 970
456 235
133 691
336 321
317 55
876 887
167 980
719 731
409 548
621 921
907 112
950 389
573 930
1000 134
416 872
20 185
709 944
479 868
798 1000
711 569
184 66
20 296
280 469
209 401
228 395
33 163
252 273
34 732
915 61
504 588
742 660
835 498
412 65
565 625
364 842
381 868
455 29
493 874
973 416
703 487
596 749
49 806
928 47
930 629
500 760
863 49
645 142
977 694
762 836
464 527
613 314
142 136
957 29
498 738
942 691
235 989
814 515
194 920
154 333
637 420
325 839
140 380
952 626
478 258
960 13
253 709
372 469
710 217
458 986
328 423
239 723
352 317
480 226
407 883
158 559
965 933
107 453
842 176
148 513
754 868
944 736
657 269
698 979
297 654
71 836
385 115
870 76
46 642
818 491
231 642
663 175
509 60
333 238
621 859
113 588
687 950
522 374
10 162
798 155
231 608
751 153
438 282
756 257
738 788
889 672
543 365
712 167
958 948
280 315
501 823
651 772
623 64
110 109
717 59
919 835
5 143
544 607
739 327
345 348
336 56
593 390
96 698
431 266
824 174
74 565
55 858
484 640
44 588
293 486
631 104
522 748
84 477
526 236
485 826
749 29
56 374
661 807
4 254
670 591
140 494
697 755
213 543
173 626
184 870
749 319
516 224
778 807
908 890
658 785
460 861
762 173
4 884
794 224
867 490
840 970
853 579
197 47
201 36
450 67
975 80
478 536
392 975
944 652
693 783
604 382
988 221
849 670
847 10
723 24
250 714
269 628
733 143
798 469
1 111
225 521
922 401
886 542
909 693
124 910
806 851
590 970
107 890
807 383
630 934
646 955
367 545
742 784
204 845
803 748
898 680
973 36
106 801
764 175
432 538
60 806
637 557
759 356
731 463
750 89
643 865
56 69
609 815
93 992
82 873
751 881
790 867
113 5
494 394
854 229
637 712
756 970
469 200
768 401
492 223
165 207
40 591
683 782
852 911
144 582
786 13
863 9
131 320
593 541
562 548
378 901
711 69
415 536
535 763
782 912
53 732
403 773
481 485
945 406
467 182
641 957
714 221
292 11
861 902
241 722
494 945
373 160
283 728
212 226
35 363
642 257
817 90
455 958
477 130
505 713
636 968
880 907
572 49
165 613
340 765
16 219
606 752
989 152
936 796
404 137
331 978
707 603
29 635
915 646
352 178
456 37
113 339
84 617
580 354
608 99
719 849
742 210
465 6
797 866
466 985
984 806
371 61
915 612
293 792
239 60
668 884
831 280
217 534
306 961
551 905
115 371
426 266
355 672
526 761
998 394
30 392
72 215
877 731
180 317
418 374
38 951
223 505
460 29
557 393
65 971
306 877
584 313
436 86
916 344
5 199
134 501
561 607
802 323
752 538
185 323
332 438
579 143
545 35
58 49
142 915
312 954
701 416
459 61
920 569
904 158
325 604
867 25
460 417
898 393
874 807
769 837
678 178
437 864
973 878
590 46
100 750
749 263
239 841
311 300
41 216
739 305
922 883
408 832
69 266
841 353
164 18
701 981
25 364
633 903
945 259
874 507
912 212
736 392
364 457
184 799
336 774
525 408
835 879
892 983
698 572
615 525
888 418
637 569
684 887
641 724
474 527
680 366
636 591
695 14
419 275
457 932
315 322
758 682
774 298
634 991
48 470
980 711
286 80
609 683
771 740
205 96
501 139
521 618
149 425
30 484
397 991
346 57
261 158
405 640
355 813
247 459
910 679
617 224
622 237
754 29
772 716
333 670
445 804
925 506
18 182
165 421
772 339
612 18
375 468
730 197
24 959
203 79
994 334
616 228
933 19
302 625
104 408
14 37
877 3
85 449
900 78
648 191
153 711
905 336
377 289
363 783
41 26
576 209
83 755
451 887
213 892
161 913
364 248
754 560
170 878
893 297
490 290
454 393
666 289
631 632
504 233
748 308
658 972
932 51
956 169
457 870
957 561
926 672
230 29
254 151
640 123
304 110
233 152
968 453
162 388
491 720
993 886
622 72
739 969
613 310
752 50
483 593
637 400
12 533
458 785
755 93
756 258
812 492
176 278
964 311
664 360
392 70
94 772
20 239
467 914
570 189
953 51
534 976
812 274
15 826
284 347
711 540
547 583
333 642
688 415
337 711
659 238
158 744
185 555
829 674
707 282
791 543
697 272
442 929
658 656
672 210
69 654
715 148
213 515
971 110
961 52
94 368
909 300
507 855
517 295
442 643
930 888
848 529
875 800
634 14
209 969
856 60
641 848
865 306
684 786
810 597
421 785
84 914
486 986
785 145
163 261
18 512
968 580
849 870
206 485
785 290
658 560
577 640
546 394
591 910
49 495
453 325
77 473
993 176
520 544
741 562
944 284
690 368
589 638
818 396
713 162
570 285
73 707
534 432
632 78
373 840
998 141
992 478
784 403
586 515
864 161
594 502
578 915
688 127
195 65
967 743
314 766
830 184
272 726
24 87
157 133
29 699
470 180
417 56
401 595
717 77
246 559
603 106
218 4
837 298
994 933
579 5
618 549
37 823
915 7
472 28
332 403
468 691
147 990
955 887
674 697
339 582
415 498
929 784
342 847
324 846
422 247
229 759
696 244
109 865
517 759
147 700
964 909
288 358
770 566
202 212
616 474
579 750
545 578
231 291
602 661
839 160
967 367
861 1000
725 698
203 700
973 986
633 889
399 932
718 642
614 627
317 967
374 664
340 280
503 828
571 428
734 168
278 978
11 757
999 60
710 945
69 55
16 77
981 300
438 788
533 969
71 894
537 270
422 824
246 855
784 209
497 586
98 939
637 374
429 337
784 352
932 696
151 96
556 252
774 335
850 993
700 862
766 213
474 509
534 719
349 907
902 419
10 123
301 552
730 682
33 458
986 336
807 354
385 501
191 9
86 817
17 132
632 439
30 280
860 607
239 667
264 960
356 174
51 440
318 499
397 668
660 870
294 236
777 6
320 599
32 475
472 786
785 106
782 160
714 570
397 382
71 107
636 375
22 597
994 282
306 34
613 740
482 102
544 469
25 372
692 213
711 155
808 458
350 49
935 58
411 223
628 890
688 995
540 528
658 199
168 71
960 35
732 607
605 455
604 986
828 106
650 838
944 631
486 994
839 938
219 549
629 114
867 549
887 958
836 956
49 422
358 168
801 919
822 763
291 97
366 679
888 419
562 156
528 20
175 723
895 352
241 783
566 480
115 438
907 168
931 62
698 799
157 736
979 810
484 372
233 76
721 807
957 895
546 330
401 761
591 494
301 524
566 56
498 967
829 842
756 350
828 867
662 107
832 386
601 667
546 44
565 880
623 46
290 366
533 274
113 785
341 191
928 323
838 954
821 184
272 242
954 539
403 275
868 229
523 514
824 3
627 630
386 546
556 586
80 275
29 454
674 541
627 999
151 855
788 565
856 259
840 904
622 814
203 428
922 690
703 491
874 683
431 180
749 345
539 167
923 4
496 823
315 493
877 437
862 27
899 47
149 596
169 270
505 422
718 762
258 44
617 128
110 874
423 611
684 589
979 123
215 268
857 603
609 10
865 96
629 199
704 290
758 917
10 511
701 630
266 837
175 759
303 185
789 205
358 438
380 730
879 752
715 883
565 305
974 220
98 851
889 580
618 10
637 318
196 164
931 171
646 834
793 142
405 848
674 411
972 660
148 54
242 953
466 561
654 115
627 22
334 143
548 646
339 653
594 77
958 829
503 64
160 874
859 296
20 462
169 908
333 641
250 934
541 488
386 845
369 245
229 577
821 781
963 564
41 484
47 186
286 902
485 905
697 753
718 901
644 40
45 549
451 850
62 620
501 20
767 297
382 777
336 500
518 803
667 231
368 197
745 88
23 240
942 30
624 279
515 72
573 322
903 465
67 561
127 829
755 764
537 305
352 57
188 919
239 824
576 328
633 265
745 327
124 644
76 743
702 823
633 506
926 109
314 335
777 557
794 725
137 718
567 126
252 242
570 124
128 7
21 324
137 351
182 631
677 861
180 347
567 345
220 548
167 111
303 811
445 905
851 762
397 998
954 753
73 222
388 255
817 495
815 688
212 987
712 419
207 280
76 381
87 133
30 735
659 13
728 488
636 177
899 939
592 183
973 614
795 842
907 888
378 16
697 668
627 991
960 314
105 969
914 231
199 883
183 622
350 485
979 503
728 181
784 647
696 850
586 319
681 1
738 82
888 571
28 488
748 95
306 198
568 653
409 247
192 225
452 819
816 710
897 602
629 98
849 833
563 771
802 729
328 368
36 129
220 166
791 275
107 284
549 461
957 92
559 676
671 958
551 724
989 263
724 980
525 677
174 493
989 440
77 222
495 51
888 213
7 183
340 844
659 764
452 262
608 212
355 597
690 966
966 795
608 323
759 548
775 195
924 543
416 302
346 35
293 632
756 746
26 933
685 722
871 747
566 383
380 198
552 793
863 683
310 569
839 765
727 682
116 760
651 735
800 755
142 998
808 798
181 772
826 587
590 480
730 224
380 567
335 839
645 6
939 361
526 827
216 280
477 655
667 355
830 237
578 90
209 741
998 935
514 754
571 783
645 312
739 85
706 310
320 229
853 453
801 618
992 663
536 745
892 668
966 255
952 601
168 632
28 460
110 988
291 770
909 72
222 814
580 644
376 410
801 805
162 557
880 858
856 103
64 311
463 433
581 254
983 702
947 508
880 937
535 201
221 255
205 730
137 842
780 36
70 396
552 411
145 987
130 325
314 946
520 761
996 650
944 293
53 457
103 332
237 730
806 57
718 347
828 687
595 140
334 160
693 615
140 681
417 276
396 629
798 290
206 926
285 277
180 765
132 632
284 595
358 580
877 556
646 669
114 216
479 976
579 446
176 507
768 31
246 532
651 874
873 814
845 776
420 657
884 229
893 420
324 993
661 21
111 475
540 721
118 461
815 143
678 867
271 267
934 505
352 773
919 399
958 988
23 299
61 980
687 768
247 777
952 791
830 792
373 979
374 436
69 458
749 344
992 691
807 568
294 725
740 621
154 328
981 261
14 756
531 458
274 545
224 412
791 4
410 97
895 80
970 121
952 740
884 743
987 662
127 907
19 892
258 476
41 980
263 339
851 71
965 51
384 362
112 559
439 140
996 735
742 303
287 1000
89 881
404 212
818 973
401 954
474 656
491 722
115 158
121 561
485 48
470 972
896 275
605 435
807 455
487 844
137 721
300 395
505 152
573 850
483 416
263 422
380 77
534 615
245 948
177 946
722 263
270 369
381 434
4 677
5 140
613 103
252 449
881 311
773 247
462 988
375 5
303 344
325 752
955 877
264 856
621 446
911 910
380 135
42 165
406 706
78 799
544 431
374 246
866 278
322 452
450 561
549 771
696 329
184 413
30 358
959 656
999 935
485 81
443 809
979 331
544 252
766 513
1 567
224 440
350 296
154 479
700 102
331 717
850 439
387 335
84 771
241 133
32 686
586 77
382 232
80 5
720 870
538 27
97 505
304 189
324 48
127 653
702 933
41 722
595 215
957 964
267 144
268 812
201 404
149 156
522 390
405 770
375 564
983 821
50 755
768 778
966 941
113 621
102 241
689 264
46 639
346 221
332 856
884 349
851 524
252 7
487 297
309 120
437 435
266 902
815 706
636 381
170 26
747 828
364 600
453 953
347 426
624 398
599 216
545 730
217 842
768 374
271 173
700 881
203 811
789 544
683 101
928 140
768 485
113 58
459 18
333 565
834 122
892 292
969 961
227 415
823 197
302 431
839 124
606 751
114 567
740 711
83 993
710 491
985 152
783 341
198 159
435 251
717 753
847 518
574 330
886 40
715 400
878 572
992 635
184 552
921 561
170 519
410 54
538 298
278 97
756 879
508 644
269 802
56 423
331 745
225 110
964 823
351 762
745 631
853 612
103 803
847 122
704 252
126 825
962 912
920 592
301 98
653 269
288 915
112 631
844 477
93 857
992 54
287 928
383 523
224 896
991 840
336 714
409 818
174 498
358 383
405 205
612 598
394 9
233 999
931 354
203 651
42 519
205 121
775 173
561 225
768 901
362 532
823 673
29 956
391 565
271 995
811 246
812 325
67 134
575 35
553 947
271 16
76 200
539 736
702 364
479 157
688 458
63 466
621 356
747 937
218 137
682 248
619 529
756 905
78 693
356 319
194 398
179 286
620 366
402 67
169 852
65 155
716 158
40 967
187 936
781 470
566 696
18 898
922 604
446 618
729 714
643 282
93 463
979 402
528 586
287 435
18 676
112 215
740 985
410 10
982 906
260 520
687 163
780 455
28 636
784 898
567 905
515 114
933 303
684 619
567 830
365 942
847 94
690 423
819 569
931 83
269 552
897 839
298 888
148 335
774 527
779 359
931 32
76 729
900 295
78 59
633 448
483 681
964 56
230 52
929 172
25 862
979 669
706 754
824 602
241 25
853 257
427 47
615 470
48 344
855 423
930 90
134 545
722 280
261 172
869 71
17 952
803 681
624 87
294 300
595 715
195 313
215 810
596 779
902 830
116 733
124 224
215 667
682 220
811 496
207 795
998 870
215 520
950 965
829 268
706 121
359 637
730 371
625 111
554 37
157 879
403 755
61 979
305 513
715 122
843 1
984 383
523 883
49 516
430 395
17 38
680 866
628 856
421 332
264 393
691 98
695 517
88 205
876 94
344 887
884 625
847 367
623 928
144 91
791 116
26 62
970 969
827 832
631 573
225 150
23 863
157 713
31 176
736 262
510 145
277 208
810 672
840 292
71 832
111 759
352 142
559 607
229 344
157 491
68 229
257 445
612 927
353 532
561 79
747 420
840 2
380 843
16 964
552 662
883 100
569 693
682 636
992 316
65 662
806 294
200 415
844 237
542 19
307 638
219 282
592 784
497 92
26 922
426 80
339 338
565 963
967 947
893 647
420 514
316 615
905 6
457 792
383 120
56 28
963 681
570 576
878 340
99 47
268 544
914 110
204 119
114 528
728 300
964 916
571 822
147 917
717 716
41 123
635 335
819 4
639 399
783 481
127 251
630 198
353 170
190 551
951 688
308 950
538 471
496 702
245 29
339 88
694 331
101 690
605 269
794 236
79 922
524 821
999 21
605 190
340 345
793 812
102 104
785 432
421 67
110 759
989 176
266 193
373 411
969 188
845 977
257 104
774 471
625 559
689 45
197 990
366 959
811 606
78 115
290 219
172 12
138 396
742 414
813 178
573 772
924 646
798 251
512 256
72 279
953 370
648 704
224 690
211 940
659 448
806 561
661 274
739 750
495 364
246 546
318 495
746 490
986 413
750 498
471 727
498 787
9 228
906 378
786 980
885 581
240 422
347 474
919 720
264 950
798 695
144 668
995 167
762 678
877 55
146 89
240 132
520 470
422 234
26 515
384 11
338 753
18 927
809 952
374 66
875 427
322 553
257 750
187 621
321 743
736 642
439 307
277 596
442 116
317 851
925 538
417 849
658 881
610 22
95 450
705 266
102 346
908 233
175 474
226 414
230 510
909 785
69 52
197 15
953 865
2 443
737 662
852 301
304 203
638 346
714 266
491 639
664 539
646 607
629 189
576 295
138 334
690 275
547 230
803 112
822 316
421 809
153 395
619 264
799 602
82 370
980 687
621 799
177 654
253 507
883 92
198 501
870 623
289 933
209 142
545 340
