1000 9882
747 801
877 727
859 116
255 839
55 587
259 938
575 144
925 97
590 375
425 455
228 412
580 407
38 149
569 169
820 371
859 171
735 380
920 573
248 828
299 712
236 165
19 313
399 535
919 474
891 899
994 392
161 905
236 75
734 478
644 994
312 523
331 473
390 814
709 516
545 611
494 998
995 671
339 931
948 527
498 794
516 331
735 833
956 18
300 974
266 586
512 878
420 503
12 41
231 951
400 779
187 53
850 271
802 618
909 902
72 147
882 64
367 324
719 19
284 792
410 463
250 782
354 384
715 840
681 584
816 225
758 229
12 414
676 885
882 414
366 887
646 371
963 227
926 501
61 689
28 554
859 946
290 395
661 104
534 750
702 604
979 525
640 189
306 993
82 876
694 650
447 594
388 915
560 452
281 741
637 234
929 145
397 987
649 306
288 19
273 742
716 334
976 35
25 665
890 553
946 711
449 421
488 349
570 903
441 713
830 429
97 645
401 203
666 873
920 537
266 839
669 866
636 251
963 605
285 633
752 280
748 583
98 230
423 719
653 686
838 746
658 4
464 393
718 940
460 592
778 957
123 758
843 145
221 285
468 170
839 869
161 774
93 323
886 384
300 547
187 203
340 492
460 363
515 367
776 892
97 241
280 527
297 471
121 251
639 89
343 524
509 356
400 984
475 444
491 352
651 401
279 432
887 927
413 638
804 113
48 211
462 571
426 763
637 729
818 277
803 187
641 308
677 350
366 561
646 551
793 52
6 902
78 46
933 804
345 890
650 663
54 914
150 417
30 155
437 187
257 301
884 212
685 997
46 609
985 955
413 162
521 569
8 580
859 15
586 717
897 366
402 708
556 997
381 199
910 532
582 785
308 174
453 963
403 82
65 951
191 211
982 186
765 298
103 903
108 627
18 263
181 969
94 554
450 487
368 351
334 199
958 2
961 494
605 711
380 494
554 119
882 808
648 59
515 608
352 914
925 621
202 816
610 785
813 908
318 122
626 617
834 425
912 483
940 6
921 603
101 952
407 972
878 913
611 822
61 329
634 125
504 154
105 203
715 724
516 242
741 860
28 677
712 558
503 965
107 420
839 623
689 293
922 73
14 867
254 36
129 395
665 233
187 125
190 427
872 931
690 364
148 256
993 805
760 24
262 248
157 462
358 337
430 578
275 639
775 58
98 882
263 230
360 373
430 685
846 558
590 975
243 160
512 257
897 217
575 923
133 775
959 399
561 852
984 404
121 813
142 751
835 92
385 542
741 67
2 926
411 538
927 562
843 575
536 165
829 992
955 685
742 631
122 612
618 545
674 783
541 754
180 68
179 842
275 168
540 740
428 890
176 484
843 797
950 531
661 612
386 630
631 218
354 290
319 736
490 930
551 437
700 593
458 324
276 794
425 21
647 998
411 70
212 229
477 729
2 138
799 796
587 126
970 330
808 353
90 83
410 186
204 518
745 970
123 702
126 627
629 376
442 530
300 596
926 800
448 239
824 703
16 419
804 324
922 907
282 106
980 133
415 458
292 135
443 21
780 428
954 677
505 716
607 567
224 164
576 393
297 696
63 725
102 133
917 374
556 474
295 518
25 655
758 976
391 115
586 833
337 749
143 124
418 62
779 91
929 426
364 390
661 83
446 482
711 813
571 702
355 679
113 873
111 226
132 421
81 459
669 202
410 991
56 247
552 796
440 22
722 596
850 545
445 795
568 233
912 976
927 679
949 411
841 133
420 719
53 367
268 907
30 574
425 224
292 883
874 913
726 86
85 86
503 299
30 585
255 666
436 480
644 205
631 47
557 840
762 810
728 374
999 457
765 933
308 730
436 407
972 321
576 954
95 242
813 835
122 60
909 368
748 152
52 679
257 713
142 464
255 73
189 154
295 998
792 901
614 640
64 108
174 993
678 401
466 151
796 964
84 982
656 191
658 997
572 99
666 488
975 102
79 93
335 199
482 537
177 237
913 689
571 317
172 288
746 845
400 553
681 574
918 189
449 862
93 852
409 810
508 511
111 834
883 285
721 650
334 167
119 727
215 224
346 369
988 928
536 289
488 813
923 823
807 765
698 125
332 787
602 990
105 159
898 762
684 207
105 772
601 671
564 533
413 511
623 42
327 665
698 351
284 996
99 710
925 68
34 871
772 884
682 843
705 762
426 13
355 929
915 67
221 856
282 716
9 908
247 228
530 278
531 19
775 3
57 920
497 353
653 604
892 366
791 841
330 835
683 845
703 390
246 471
925 648
433 586
344 91
475 975
790 526
867 137
846 567
728 193
925 569
606 230
700 383
752 200
442 603
563 150
279 124
744 619
88 207
452 592
35 456
311 271
222 894
596 175
737 855
704 24
942 6
391 260
672 742
697 604
761 366
774 719
41 985
154 152
463 406
230 391
432 458
35 183
457 873
330 505
331 768
813 508
10 507
373 389
546 537
305 173
589 597
38 547
872 983
154 954
466 888
942 318
710 671
513 369
845 956
814 649
599 653
837 296
497 999
162 884
177 725
37 929
404 420
480 514
281 599
546 221
195 505
555 265
828 771
426 207
436 100
366 477
318 64
247 426
138 810
826 415
759 271
155 677
156 154
359 957
255 636
330 645
826 526
80 356
66 139
138 524
713 944
454 802
934 24
96 926
631 102
673 258
571 987
916 994
539 377
596 933
469 272
368 141
22 896
244 528
409 509
909 440
303 921
948 418
127 229
684 888
316 20
45 690
304 628
356 821
490 259
476 338
403 860
387 291
795 430
942 435
1000 864
909 154
415 465
628 604
370 892
336 820
795 351
926 999
950 696
89 944
870 768
957 592
154 879
528 80
287 969
89 850
443 76
920 474
460 998
885 510
10 366
564 905
546 428
675 16
915 737
440 575
239 177
79 472
618 106
671 228
698 66
274 239
371 918
347 559
432 818
752 903
309 468
898 563
650 432
975 63
659 450
328 754
185 79
973 222
731 84
968 930
454 733
652 114
830 264
640 388
548 821
938 169
796 287
536 880
583 705
434 504
986 189
626 100
563 429
627 562
184 128
651 279
874 973
640 593
809 958
520 708
917 832
700 688
863 132
956 810
939 700
905 508
106 629
213 831
382 990
131 100
463 187
879 677
636 625
69 272
162 914
804 325
897 557
951 662
404 587
690 92
270 836
231 60
100 985
399 976
787 734
862 358
696 612
296 835
180 787
782 551
509 299
847 71
336 943
281 34
228 553
548 223
31 138
732 773
765 249
167 634
573 467
471 248
978 389
172 460
263 39
690 273
200 29
642 172
278 672
909 578
951 203
479 730
206 902
803 336
676 674
327 918
972 585
667 763
519 20
870 360
157 243
394 135
881 513
147 325
590 91
247 332
531 683
787 277
971 528
939 62
134 348
907 732
875 285
234 760
471 757
904 422
81 347
1000 79
564 336
838 851
878 667
547 514
626 57
189 277
635 205
963 722
363 526
644 319
293 471
332 259
783 148
680 619
329 515
181 546
990 840
661 744
50 351
527 147
397 458
694 184
960 282
510 257
273 213
516 23
256 933
692 859
593 908
212 46
585 524
682 308
144 838
967 334
1 707
170 998
525 176
857 672
499 683
130 348
176 710
325 43
92 298
329 40
677 84
611 990
315 13
481 229
944 763
338 166
432 303
231 945
641 701
823 173
129 321
940 655
858 768
14 856
328 255
92 72
590 763
628 426
224 48
50 596
254 512
21 53
172 71
985 812
512 684
90 968
180 380
37 827
77 254
29 891
56 967
935 379
301 283
594 330
726 439
414 841
505 384
652 956
60 885
152 376
742 941
798 979
820 815
220 927
350 986
77 770
260 486
539 12
284 508
957 277
608 457
840 760
256 581
555 91
773 32
737 829
631 236
634 386
450 775
568 158
142 113
663 45
454 967
860 862
739 151
578 11
339 517
624 725
398 142
312 715
28 159
361 878
892 478
82 369
514 581
97 789
705 214
65 311
31 526
252 835
884 636
830 638
176 531
585 953
680 899
98 296
170 877
582 950
687 320
253 910
941 919
774 757
240 537
370 680
999 67
103 142
748 321
568 935
2 981
974 775
279 547
196 387
309 684
755 660
811 742
141 655
551 664
491 726
591 171
681 348
210 963
802 878
106 291
803 411
54 3
521 686
850 930
194 114
176 189
90 863
113 726
699 843
744 304
797 346
725 677
418 329
993 117
1000 233
329 927
922 187
313 214
333 299
604 332
640 317
19 36
385 722
960 902
62 74
1000 391
928 356
324 961
293 286
259 642
229 588
570 520
757 650
940 846
435 114
808 504
716 161
476 670
298 454
514 900
434 134
416 645
718 910
972 394
800 251
995 198
269 88
183 694
3 52
477 917
155 145
969 357
587 178
37 349
80 816
156 637
509 405
112 353
165 761
580 728
488 752
819 340
987 758
325 483
326 836
681 347
115 947
331 862
315 53
887 893
67 564
309 756
162 704
456 509
738 399
831 702
136 815
391 9
853 942
638 140
514 28
718 356
24 272
940 998
990 423
375 643
680 443
977 576
495 26
81 178
391 815
710 523
688 701
570 406
931 226
257 271
262 24
858 397
108 796
402 663
738 819
835 119
674 43
967 626
15 353
238 90
212 881
12 789
901 401
479 165
464 386
527 363
270 192
273 684
21 914
138 606
828 604
803 832
705 94
579 809
526 800
263 842
933 866
825 361
865 660
256 700
354 147
282 948
970 505
83 704
892 518
877 342
491 423
188 413
151 11
35 562
74 20
917 944
679 561
829 132
758 106
279 167
136 655
799 572
359 501
516 338
5 979
232 819
69 160
14 547
805 892
790 128
663 114
634 270
619 94
214 982
965 102
503 939
474 899
755 558
796 640
926 595
193 893
656 115
14 893
606 763
503 762
758 982
871 205
733 236
383 567
96 223
993 839
150 508
465 494
836 139
818 426
556 157
936 545
758 752
281 492
444 776
340 841
381 163
55 678
917 199
641 240
765 29
640 212
141 953
788 84
368 989
919 930
594 359
959 429
356 118
138 129
887 656
933 706
751 79
733 592
630 820
371 659
851 669
677 717
841 274
256 459
648 989
910 381
713 877
20 387
169 975
367 564
51 303
414 671
143 455
860 891
32 64
914 34
596 576
716 233
350 59
967 440
973 140
865 402
957 98
995 819
118 934
853 433
140 316
743 111
439 272
403 806
44 672
562 293
871 301
943 160
361 572
966 3
418 557
59 369
917 581
370 818
331 568
101 674
232 815
231 35
861 232
929 46
170 793
501 614
487 266
749 947
793 894
348 76
455 808
495 783
651 455
942 202
103 250
451 365
72 150
776 620
241 769
480 825
930 248
67 669
16 845
295 744
483 685
746 109
251 601
803 510
771 604
620 787
188 698
689 507
29 890
671 191
820 667
860 356
772 774
789 928
702 579
404 386
621 913
803 732
906 223
191 43
102 626
214 152
343 755
879 158
626 203
152 744
107 617
609 872
829 663
960 554
137 197
252 664
181 660
730 383
605 865
643 604
79 590
283 93
66 839
549 874
551 506
952 796
438 122
369 958
250 139
442 896
773 739
335 278
562 374
429 813
703 271
546 962
726 572
675 570
503 845
92 664
308 845
572 146
993 451
785 927
357 889
338 248
85 100
322 929
35 296
476 110
228 544
927 481
305 82
184 945
742 288
486 226
770 431
348 199
824 807
210 176
698 172
344 430
148 77
793 144
964 175
492 664
312 334
917 255
591 456
828 579
876 994
788 12
590 144
313 100
856 826
393 28
157 43
750 627
950 744
64 34
422 401
313 695
996 126
782 465
103 896
342 88
827 652
388 144
527 391
824 182
679 200
517 253
316 978
632 723
428 800
821 791
643 555
682 79
866 416
152 994
853 166
212 274
857 35
327 195
477 754
539 379
875 451
820 320
736 779
257 646
972 395
101 906
455 761
743 584
1000 580
734 405
776 373
170 556
209 962
2 410
866 996
657 455
1 443
794 232
649 683
605 186
116 918
633 49
672 627
767 154
400 854
543 245
357 802
15 940
976 531
295 381
404 342
745 218
391 814
927 136
140 622
822 118
483 626
983 161
566 75
271 869
608 189
849 197
688 197
427 107
531 657
146 657
533 483
717 70
220 546
403 2
564 463
671 405
68 766
881 325
266 662
838 885
565 35
53 255
809 625
826 433
590 398
39 444
647 573
506 373
307 892
697 452
169 867
834 119
143 275
700 620
26 527
423 515
905 256
674 607
14 484
182 922
588 953
57 583
955 632
957 236
173 573
544 63
139 885
201 94
35 676
397 53
399 103
403 924
373 918
815 99
439 271
919 1
795 31
564 384
376 277
876 162
328 408
226 299
982 978
676 153
605 365
914 530
827 516
599 196
124 818
20 532
426 815
709 96
289 637
234 804
167 628
45 88
453 435
438 9
702 842
279 731
546 462
107 560
537 49
646 893
332 409
465 126
637 480
254 944
239 68
21 497
370 181
975 624
778 156
559 881
928 737
51 882
142 607
826 128
223 592
99 606
780 721
892 290
787 279
556 936
995 408
320 640
380 220
617 319
378 493
622 72
103 207
75 263
111 461
742 308
687 532
635 207
66 94
982 80
77 469
463 317
991 130
70 412
635 188
733 116
194 314
514 861
236 940
491 356
359 677
900 481
614 933
613 638
834 381
697 259
946 355
31 647
199 845
916 779
819 64
178 72
52 593
135 634
1000 811
585 899
737 840
535 501
629 458
577 295
335 83
512 866
987 640
571 449
58 756
538 186
957 692
230 414
876 420
92 475
480 61
565 316
997 584
463 300
447 619
379 801
452 51
453 262
841 854
58 470
650 562
443 272
324 117
3 600
67 301
654 793
580 360
799 868
42 597
480 650
925 681
814 739
936 685
613 363
426 327
45 495
806 738
826 164
606 374
858 245
481 268
698 346
756 724
353 782
195 316
327 299
417 319
8 281
963 803
256 583
75 699
613 815
591 984
904 162
192 756
928 56
892 361
507 973
311 757
350 133
631 12
373 812
628 822
238 574
813 932
5 743
944 861
544 103
359 350
536 715
960 407
869 841
781 215
50 419
487 250
143 9
98 439
245 4
83 473
277 505
430 217
35 299
309 904
201 55
41 146
27 671
856 68
140 918
272 714
456 451
537 350
98 520
594 232
357 158
139 39
158 833
675 121
815 27
290 201
310 12
11 97
346 336
57 291
662 448
15 522
375 991
357 112
932 590
827 368
258 909
354 726
177 603
967 648
938 429
720 331
650 106
635 568
545 272
601 304
33 100
398 300
96 708
618 713
359 809
483 264
65 804
640 298
824 183
109 761
113 16
612 62
575 394
43 877
652 853
355 47
218 509
671 518
611 382
953 962
355 188
510 369
473 809
271 410
274 458
5 330
799 804
216 69
161 964
553 330
728 853
494 832
672 456
52 666
9 617
340 413
253 588
986 651
829 239
639 232
770 255
557 854
105 431
238 232
260 717
409 141
944 544
747 59
16 89
415 99
581 176
304 292
875 927
777 160
770 1
699 429
245 683
546 568
680 302
111 790
257 99
304 2
769 545
609 265
43 495
711 948
383 883
471 518
491 893
354 762
156 420
565 768
432 900
713 533
56 880
733 586
919 777
629 649
280 376
869 410
673 461
525 894
569 438
843 563
181 952
699 384
81 380
863 267
195 756
255 908
260 440
464 275
941 799
964 576
804 829
473 107
56 61
277 923
77 601
687 736
501 445
504 655
692 74
222 362
415 193
545 888
575 418
454 156
346 573
826 771
630 261
874 859
873 376
757 910
444 113
834 393
728 188
213 828
786 292
291 926
207 274
724 424
670 946
733 294
308 919
274 611
222 821
726 111
856 143
567 931
783 742
861 455
202 257
496 558
852 443
304 369
361 352
378 590
550 518
24 592
480 18
478 765
338 80
391 222
917 370
655 783
576 316
25 42
466 172
159 211
785 544
915 657
438 652
574 51
498 285
45 232
504 356
180 625
129 181
328 819
590 47
104 687
518 636
685 809
279 952
507 375
253 359
54 376
261 178
925 203
128 361
699 994
761 969
523 304
603 78
772 721
111 351
560 384
613 953
458 240
730 71
270 162
511 522
592 108
366 267
392 108
998 892
38 699
976 346
406 541
635 191
485 744
288 188
752 497
903 940
479 462
606 302
834 203
640 560
751 626
517 470
187 543
829 452
425 902
133 327
21 482
669 556
423 402
892 667
634 191
463 152
411 501
712 468
417 880
880 194
202 466
97 232
910 565
874 480
849 678
560 607
23 817
789 962
357 903
943 896
875 982
141 390
549 281
589 732
993 135
611 592
971 658
144 261
438 123
921 83
794 451
499 123
507 280
528 155
769 135
225 479
922 431
289 890
862 925
646 862
120 680
67 445
929 330
638 932
859 905
684 52
479 584
560 106
589 149
473 1
703 889
171 24
284 729
581 605
488 420
454 649
612 293
705 589
479 878
375 769
229 883
178 711
12 991
734 976
870 552
800 790
346 800
990 521
789 610
920 751
389 788
657 524
929 871
235 536
218 486
150 808
388 476
528 895
51 186
945 282
97 584
924 429
946 437
881 351
53 633
202 133
960 377
688 808
973 911
664 850
662 712
535 314
916 808
645 406
5 631
212 77
451 783
141 119
198 104
218 858
936 385
455 603
115 698
256 507
616 681
455 639
545 755
13 445
474 807
400 78
308 847
442 441
558 875
219 560
580 743
942 10
120 276
382 247
184 964
576 70
656 807
515 229
129 418
473 413
860 543
90 649
920 450
779 441
673 670
879 760
185 996
673 527
565 521
175 989
110 430
772 853
404 49
46 618
17 892
253 446
310 815
264 723
341 971
693 358
278 833
521 397
719 566
523 235
302 990
413 479
626 154
997 257
981 652
96 93
820 782
267 646
271 199
824 201
218 216
146 333
510 896
959 197
372 929
58 224
144 694
769 585
719 83
97 650
891 96
289 428
772 463
884 791
117 744
317 502
954 40
728 387
123 331
565 272
108 413
456 838
312 746
496 776
895 910
697 761
455 281
347 944
809 722
350 497
317 416
320 36
109 918
75 778
694 525
596 344
463 163
320 83
374 282
947 238
907 146
387 448
507 679
236 287
218 830
334 692
931 876
245 487
227 548
468 314
567 250
171 873
687 353
488 755
417 681
71 764
832 748
940 707
962 903
717 959
749 889
168 436
650 632
188 943
410 401
968 411
987 489
491 550
440 596
612 810
241 651
724 952
232 406
430 583
626 762
163 840
622 867
721 726
998 186
565 621
824 681
480 273
237 556
256 85
241 553
461 36
671 369
72 285
716 606
474 401
935 316
65 628
429 573
273 75
930 156
414 885
626 815
661 284
310 954
450 57
415 579
734 793
5 233
523 356
294 387
661 510
155 645
862 902
986 185
668 349
748 915
341 35
605 822
730 519
736 971
540 100
865 681
467 501
468 922
18 801
144 975
967 465
862 185
524 610
397 156
604 524
692 792
629 323
558 961
691 160
782 777
453 125
326 133
311 371
594 621
244 790
373 182
378 732
59 139
853 621
802 721
966 452
344 595
285 447
805 970
774 651
844 719
338 81
974 594
414 266
496 781
571 720
693 666
395 107
939 741
718 327
684 307
225 434
799 2
343 390
428 543
405 815
870 413
819 881
595 982
669 419
137 274
673 928
836 404
664 221
114 172
77 56
951 654
376 655
526 360
214 371
443 888
470 233
540 266
388 820
225 894
82 545
525 865
90 52
670 119
440 27
612 376
170 140
177 844
387 295
882 907
96 892
406 931
597 404
137 174
800 890
322 242
137 422
108 711
346 764
218 94
562 924
504 684
892 327
105 883
142 8
1 948
110 96
94 257
421 127
812 896
389 977
175 64
865 550
579 87
891 886
857 906
251 407
783 438
398 976
75 837
593 896
577 27
339 824
265 957
486 697
318 429
143 900
737 733
130 485
558 989
675 515
657 508
509 489
880 195
58 515
124 768
909 222
692 530
851 869
239 561
19 872
187 474
979 102
982 879
785 481
455 236
425 620
682 816
580 418
908 489
696 802
755 700
992 90
327 503
206 196
817 33
836 859
653 443
1 298
396 676
498 849
112 793
140 961
495 238
426 547
444 696
671 43
603 737
475 18
278 563
281 461
388 150
584 18
968 177
413 610
436 879
475 498
572 531
685 780
320 960
742 839
108 871
253 266
897 260
121 267
742 982
963 7
232 27
341 935
158 295
397 981
768 23
94 673
593 6
425 404
99 717
119 278
564 385
34 864
796 660
659 7
354 389
730 88
217 907
146 505
420 744
960 557
561 706
484 663
643 560
828 264
942 988
690 862
315 423
839 428
57 524
15 835
710 411
952 799
40 825
188 465
575 711
500 419
374 396
305 651
201 361
843 151
786 870
809 268
197 286
70 36
752 75
606 122
143 920
239 887
974 172
596 180
141 620
675 575
267 95
865 157
684 951
701 783
260 747
736 430
185 664
2 62
849 641
906 600
409 32
762 382
836 921
84 870
380 525
931 894
116 55
228 681
227 886
211 349
675 490
438 68
556 415
885 485
615 188
67 378
999 349
710 656
417 351
729 870
301 837
730 585
882 444
129 252
818 712
612 533
327 793
512 315
877 631
54 182
992 307
623 453
523 157
505 323
566 29
380 32
81 389
962 262
66 371
414 937
110 120
707 486
526 558
53 152
237 139
937 621
618 582
530 484
752 604
695 718
972 81
187 779
61 814
136 91
172 649
180 140
222 259
646 417
694 267
380 620
799 913
715 142
130 536
611 497
994 475
777 295
709 932
639 551
216 71
89 511
516 68
826 988
739 405
904 958
551 477
286 798
583 28
624 979
531 385
936 495
115 744
500 404
551 146
62 533
378 854
990 177
258 150
296 989
614 589
64 425
982 949
931 677
328 462
130 92
439 458
190 391
615 877
987 714
81 635
443 124
124 959
215 464
931 899
590 644
718 505
205 666
98 554
6 687
345 815
72 209
126 100
1 203
510 263
210 195
563 637
432 201
520 782
750 953
398 638
951 226
232 294
929 384
694 128
552 633
238 380
315 757
851 423
724 671
104 864
394 236
108 792
906 628
985 523
94 863
55 719
521 607
704 707
891 451
768 32
694 941
533 480
95 691
683 755
66 343
11 506
299 278
472 994
570 871
823 635
960 887
214 136
275 465
817 646
217 850
510 957
96 849
406 900
351 471
434 501
273 496
184 244
273 962
471 931
221 524
157 919
425 31
587 487
236 207
787 809
950 823
476 638
6 388
590 604
243 945
136 341
472 461
903 872
150 631
527 856
358 221
1 762
109 633
284 744
538 387
939 704
779 951
83 290
321 617
363 735
642 357
218 787
75 902
709 331
411 408
431 508
69 172
896 760
490 2
954 405
295 687
866 745
206 382
906 528
671 784
619 483
276 360
923 515
428 99
249 586
196 455
885 477
543 123
619 257
140 702
733 793
292 577
561 136
390 50
929 428
335 722
746 279
547 858
644 413
594 355
777 961
962 479
321 461
778 314
308 253
254 657
366 47
481 775
333 286
65 960
599 7
391 578
436 89
424 609
192 628
461 442
660 872
165 438
310 673
372 922
412 113
749 184
865 859
402 187
41 265
373 742
762 709
84 425
843 908
493 779
938 936
28 176
585 725
471 820
535 675
31 640
623 694
130 371
828 315
357 850
526 461
984 4
35 466
296 6
852 251
774 842
443 966
690 125
638 415
16 20
625 528
990 280
988 233
201 233
999 938
628 256
116 476
177 112
197 893
442 116
25 4
776 844
615 155
907 162
908 377
902 347
831 579
656 369
486 292
860 241
592 639
573 724
618 431
146 562
826 48
185 168
103 698
228 89
356 22
375 794
358 972
470 10
109 330
860 251
669 168
73 671
208 948
299 271
47 997
194 123
177 879
97 939
223 228
316 970
669 970
450 768
35 946
919 390
332 348
891 55
503 261
70 744
933 806
401 93
136 414
344 33
421 483
886 249
728 199
855 694
1 689
364 243
737 655
131 18
792 888
524 555
946 149
328 811
144 167
843 359
990 218
918 279
308 121
64 78
818 91
212 190
549 217
242 913
610 473
205 915
335 48
639 70
845 707
718 627
735 563
956 188
794 3
826 953
932 437
550 588
205 757
889 880
803 160
162 296
888 56
543 162
196 31
417 350
208 453
963 311
106 300
803 414
966 958
73 701
155 895
638 966
437 53
383 809
63 175
727 148
216 750
531 633
659 428
641 201
313 104
538 627
99 667
485 362
860 618
356 104
901 440
835 188
983 364
252 474
824 203
787 449
243 521
541 114
549 583
159 783
293 281
119 27
781 564
88 885
899 953
956 574
848 863
209 295
728 389
928 71
472 67
473 814
660 518
991 728
957 196
53 115
298 451
407 231
655 269
578 761
293 204
501 105
142 483
571 703
311 504
297 282
448 154
467 166
840 652
145 350
81 397
994 173
633 987
868 421
447 889
448 777
451 634
988 435
312 438
538 334
794 244
852 418
201 208
645 827
10 566
173 42
124 952
510 181
663 331
478 663
461 601
672 998
659 780
732 174
718 361
392 729
300 66
48 171
727 485
429 354
987 727
785 714
518 667
880 712
93 661
951 432
90 909
418 132
186 408
501 981
565 668
586 665
392 90
59 248
792 56
670 269
138 150
487 867
806 553
916 473
295 44
261 236
881 377
219 382
21 556
595 651
839 713
906 354
332 390
726 225
133 179
373 606
137 176
341 176
787 74
716 28
38 240
829 731
901 190
668 351
728 498
330 818
799 884
230 938
583 114
394 914
514 663
557 813
421 443
283 438
856 116
654 171
574 450
353 206
170 524
395 929
370 779
351 604
390 612
874 395
641 570
811 716
798 497
221 96
951 828
84 808
162 654
75 105
775 736
780 58
839 729
805 601
372 146
780 137
72 206
290 157
2 777
846 446
816 253
582 404
977 334
794 652
231 591
414 181
954 982
37 914
543 408
779 484
303 287
78 369
560 464
152 61
713 566
623 31
919 814
247 507
123 201
655 784
323 283
863 669
111 344
739 899
78 531
359 882
472 878
237 82
873 602
303 283
752 613
320 239
956 631
630 602
100 813
723 601
947 876
986 778
292 288
386 708
350 173
302 464
765 958
563 173
377 386
69 476
674 750
970 361
199 841
681 218
620 473
322 692
70 62
342 691
933 500
351 547
265 780
842 62
662 781
865 375
103 19
692 540
987 644
754 885
258 462
748 377
162 658
885 731
723 111
659 983
641 288
371 137
577 455
625 962
755 815
668 910
679 544
764 551
67 273
323 955
654 797
953 464
475 20
45 346
859 906
950 487
842 724
453 645
745 840
366 96
673 834
360 451
638 826
416 469
860 272
54 347
591 608
495 319
653 965
860 452
582 813
100 28
512 238
275 120
192 554
246 669
793 389
265 434
928 350
871 681
234 873
617 424
678 921
665 802
406 572
632 811
996 991
468 877
711 227
956 650
942 589
501 227
283 80
587 929
550 54
624 181
97 958
518 528
248 574
688 811
515 810
826 937
796 769
672 287
990 992
849 997
28 611
853 705
451 641
452 750
490 441
902 880
511 333
596 59
150 125
675 654
857 567
783 731
110 881
145 659
478 553
281 115
689 862
448 972
694 489
785 451
70 343
145 556
151 361
957 581
250 699
896 463
127 659
516 708
828 726
791 450
650 722
686 236
335 966
393 587
690 723
374 872
68 195
806 284
380 749
822 508
806 977
73 723
578 18
577 835
564 803
671 9
982 616
768 824
931 340
699 208
495 125
99 956
260 432
52 494
949 792
346 207
440 800
941 644
484 113
46 984
899 379
906 462
826 324
220 603
46 463
703 926
357 350
985 605
638 673
569 414
436 99
403 90
901 423
199 316
189 486
442 159
263 719
164 676
695 712
76 822
212 680
910 425
74 649
403 681
117 757
977 636
338 770
669 862
873 575
622 870
729 28
969 525
400 368
697 766
351 837
943 1
469 394
911 551
382 933
402 842
500 304
134 900
231 128
503 703
74 77
828 182
463 93
875 117
801 778
107 15
804 447
643 123
171 874
174 147
712 598
538 254
645 826
745 530
597 593
46 457
944 718
804 986
755 713
96 90
738 393
387 599
889 787
28 835
103 313
865 353
956 423
558 471
873 263
733 819
129 173
99 109
629 962
864 43
171 310
524 370
251 516
638 912
813 596
560 166
779 132
871 538
17 861
592 727
773 430
356 88
410 848
108 937
181 19
788 45
972 770
228 18
243 631
685 628
358 868
911 214
308 57
42 609
403 487
852 702
602 37
655 221
570 583
578 474
950 922
259 373
248 664
980 699
762 58
681 113
181 632
592 305
123 736
723 681
354 386
105 941
66 904
400 348
756 453
60 238
616 454
246 129
908 956
767 353
363 103
563 110
550 344
629 497
853 761
545 696
478 130
314 835
100 270
512 778
126 164
590 631
240 551
774 654
150 148
335 152
819 551
569 824
291 478
628 349
609 749
11 975
491 519
257 67
637 266
758 16
988 980
71 912
720 602
662 285
594 63
444 774
229 488
546 314
197 586
897 140
295 237
480 594
464 183
263 339
656 565
342 328
15 722
402 757
848 333
78 374
964 371
342 443
859 79
972 806
631 483
494 909
67 236
803 516
664 510
912 191
137 66
947 593
394 627
403 259
223 130
958 115
27 447
322 241
363 519
803 866
825 286
611 301
516 58
354 222
339 622
543 876
621 124
515 531
679 284
792 576
758 319
670 609
729 43
950 785
574 157
208 534
711 28
752 211
398 983
187 384
903 846
616 546
598 374
342 688
221 417
153 897
524 656
482 975
644 688
733 262
74 133
292 92
500 159
158 573
223 160
310 360
757 49
79 37
562 1
177 229
430 817
426 780
83 143
11 922
949 752
306 594
179 736
914 789
497 657
24 735
779 401
546 636
784 297
71 999
167 740
849 469
873 479
530 936
582 497
175 965
567 71
842 578
419 636
638 827
396 788
592 671
538 541
191 81
68 684
641 660
220 999
422 367
280 436
372 730
583 608
431 663
12 987
631 964
347 492
384 658
668 482
118 425
284 507
657 631
513 715
181 877
220 773
470 275
597 437
896 902
670 419
763 892
583 646
839 280
631 154
142 235
109 140
222 766
530 48
699 468
593 592
706 273
619 976
730 411
658 140
681 53
311 406
536 720
442 611
210 519
209 984
670 895
171 607
118 823
359 59
822 945
951 727
292 112
386 237
91 289
80 986
615 842
103 54
71 532
554 766
562 37
103 135
720 885
862 688
455 778
145 716
712 793
344 701
936 961
186 160
495 158
239 132
901 897
864 35
21 82
974 40
319 349
285 349
638 117
37 984
24 473
522 376
493 363
594 406
685 877
670 45
343 169
54 292
384 848
403 236
884 499
445 633
816 883
983 505
772 518
556 877
333 292
25 723
464 413
15 40
590 436
773 252
540 665
234 842
203 137
331 92
702 189
445 204
472 214
159 926
218 454
982 268
672 400
387 252
232 381
446 601
675 785
565 397
715 16
386 828
170 647
62 393
320 56
504 965
981 189
583 25
161 840
990 37
994 56
248 458
121 689
840 654
213 916
330 208
370 997
218 50
4 401
888 666
241 497
82 262
14 590
110 931
992 840
684 918
810 745
708 86
563 819
372 669
783 830
450 354
992 807
184 996
923 395
230 91
656 14
518 254
876 489
572 914
116 22
564 994
219 775
440 600
385 169
150 871
885 454
581 989
949 601
876 655
465 20
946 191
971 782
591 261
558 363
775 66
764 991
581 767
124 382
310 783
422 725
208 193
890 805
788 46
332 162
149 500
885 826
817 554
129 616
5 213
544 649
318 100
145 319
268 777
659 168
591 889
209 199
910 283
472 771
492 190
592 20
21 878
635 150
885 101
636 197
503 350
285 903
71 122
878 382
30 311
960 647
134 692
752 345
921 796
259 389
585 655
602 759
363 201
348 547
431 751
921 653
62 421
874 727
986 761
218 879
455 654
301 399
22 791
593 809
817 638
840 682
32 999
71 446
164 236
516 345
900 696
98 376
425 728
779 569
1000 836
123 919
258 489
899 480
352 499
120 911
969 100
232 728
12 142
965 240
248 197
73 392
182 250
111 704
64 709
230 214
345 776
36 363
632 8
870 6
673 602
548 812
25 847
408 65
444 775
824 585
354 446
534 728
58 129
246 890
725 669
584 73
603 423
343 224
290 585
788 194
111 245
574 759
775 324
392 307
359 799
105 452
267 629
493 85
275 94
939 71
479 134
481 526
858 61
920 664
959 793
29 324
791 518
968 676
997 462
41 270
265 374
252 738
878 282
204 893
230 965
15 839
31 764
126 698
326 424
626 354
592 286
22 977
244 545
981 132
765 813
938 713
531 442
2 308
792 910
922 837
226 342
409 302
780 363
624 109
418 548
26 33
487 434
658 986
418 663
236 754
448 352
865 230
495 935
831 68
596 114
444 487
326 903
719 116
496 990
225 240
262 415
943 636
547 319
414 362
880 564
111 740
728 584
864 24
115 142
850 39
910 35
37 803
242 823
43 298
64 975
637 414
158 9
876 870
538 747
208 250
252 211
701 358
129 950
291 596
427 169
66 363
588 934
430 291
588 420
436 905
73 881
68 258
132 386
225 926
315 798
636 440
693 47
899 672
107 524
220 919
630 666
388 187
834 919
873 939
271 238
123 306
169 812
844 341
929 890
514 904
109 250
29 161
15 773
726 233
138 736
71 66
878 310
761 548
578 178
996 613
50 379
568 388
120 369
368 154
131 134
86 500
827 526
203 296
723 977
428 522
984 483
892 692
714 180
307 374
445 281
352 349
459 531
705 351
221 53
650 879
533 562
625 561
149 825
352 443
818 184
470 655
288 871
565 765
510 156
202 725
476 20
248 107
615 509
115 253
461 985
779 444
157 165
509 973
310 6
385 253
370 277
700 462
963 312
341 756
324 486
343 74
315 749
548 469
16 590
355 665
107 796
453 824
205 135
333 338
190 293
997 187
925 142
926 249
821 461
254 624
366 490
21 533
151 714
834 840
228 463
233 599
113 953
498 885
337 561
726 181
393 231
753 233
695 714
292 40
674 963
489 799
955 982
192 726
445 60
619 657
469 295
58 882
40 793
57 669
41 96
22 74
309 832
778 839
140 364
892 617
986 738
291 1000
473 973
183 654
957 419
580 802
340 411
412 632
625 499
926 408
465 574
359 94
841 299
913 854
787 759
774 785
921 323
760 469
351 650
348 91
282 399
390 515
286 591
657 329
727 640
482 194
470 683
755 715
827 214
926 654
475 556
629 93
275 536
997 795
615 220
874 86
784 31
577 813
154 534
747 637
517 757
67 639
404 466
742 176
46 907
975 44
472 886
369 254
111 99
962 925
708 247
980 892
379 299
198 813
290 312
845 10
955 566
579 98
155 747
962 153
178 648
341 204
512 168
660 848
699 698
63 307
319 645
850 237
640 268
414 683
874 931
144 755
428 771
605 817
109 194
722 795
431 29
554 224
792 661
758 320
9 685
415 521
933 76
682 332
919 169
151 3
951 632
243 783
210 716
395 930
487 56
732 166
610 45
519 933
560 730
300 989
839 948
680 67
738 329
405 374
227 685
923 505
796 617
267 381
486 67
268 146
331 882
780 53
525 980
325 336
946 34
723 453
764 687
966 731
201 467
573 621
817 137
528 196
413 862
91 428
418 52
310 206
461 114
392 583
346 274
342 947
37 927
632 231
153 735
780 633
86 720
547 862
397 859
354 664
280 299
191 63
17 968
418 393
440 433
169 533
741 109
820 860
124 97
683 44
26 985
777 167
857 465
450 905
270 164
312 986
55 866
920 665
133 148
356 291
605 996
87 589
91 566
152 946
209 583
381 961
937 331
41 414
389 988
734 314
41 47
144 800
606 240
646 796
45 608
445 326
620 468
269 920
398 580
639 390
313 940
406 83
905 656
391 389
767 404
514 408
92 652
628 622
886 290
301 408
943 793
782 665
960 223
84 847
413 623
213 685
452 939
948 816
552 505
390 179
457 891
222 565
633 242
840 308
309 607
328 545
355 661
979 843
428 67
818 503
380 708
551 751
555 744
348 362
267 212
720 568
239 240
177 679
396 903
179 781
328 853
168 830
81 3
483 435
362 636
91 86
755 255
938 421
21 655
138 173
961 563
223 450
830 382
164 828
934 264
994 639
318 61
412 34
234 852
881 407
99 430
130 926
403 654
740 429
852 615
283 164
583 785
70 748
471 871
536 564
499 850
902 743
395 703
565 439
344 37
273 31
628 829
610 768
994 419
504 939
658 138
217 330
1 693
75 868
536 722
249 89
47 394
286 694
931 575
810 608
189 191
814 360
602 974
343 912
914 450
554 621
205 911
667 134
525 92
358 247
654 384
983 763
842 160
93 122
735 575
576 92
852 505
230 445
858 890
732 855
126 226
328 181
438 174
704 304
814 949
62 958
361 435
788 720
516 426
724 930
374 879
894 118
236 772
534 423
522 407
284 998
158 987
859 890
343 69
916 227
112 905
868 740
190 456
524 472
508 251
237 979
650 386
194 774
926 111
54 314
829 864
665 711
101 609
341 838
802 440
34 814
753 398
882 234
61 583
584 352
513 676
185 283
848 53
646 376
636 76
783 49
368 330
759 438
835 478
513 582
612 180
961 480
894 504
818 567
178 854
550 198
950 812
402 270
98 129
118 196
474 542
716 49
805 412
199 893
202 163
623 349
683 560
687 920
691 477
343 854
967 376
883 837
853 369
255 11
311 357
598 555
600 988
239 519
277 294
173 149
503 990
658 547
602 440
576 440
25 422
462 141
335 129
250 619
345 897
947 264
976 749
45 108
323 854
720 738
244 508
528 217
451 186
824 704
533 152
291 261
738 742
776 919
671 238
894 509
72 436
898 742
759 929
397 472
609 748
542 232
377 844
873 183
980 150
765 481
638 881
911 317
880 992
323 956
647 777
974 343
691 863
854 313
323 291
316 680
632 537
544 651
962 150
359 842
251 69
694 705
825 150
583 911
934 218
134 392
946 642
549 615
276 713
424 431
626 209
243 927
762 797
412 264
604 237
550 226
826 778
477 814
994 504
631 973
407 7
285 679
397 45
941 749
516 37
246 777
320 6
402 385
571 735
365 522
832 225
663 932
66 681
984 476
932 593
895 142
221 459
738 215
477 97
98 374
546 770
672 713
822 639
89 617
698 697
787 744
383 331
3 313
576 21
461 557
796 618
174 178
965 109
794 542
386 322
192 413
68 352
470 692
328 205
793 901
439 606
980 477
250 766
380 673
551 714
879 713
135 559
119 426
769 45
940 82
667 650
542 810
674 354
15 686
73 633
627 190
264 514
228 211
673 954
450 373
324 755
570 34
299 120
917 32
671 480
160 962
950 313
879 141
574 757
702 398
712 382
821 4
663 245
4 866
613 930
25 649
782 401
768 303
807 966
474 419
976 450
705 644
190 988
446 426
982 104
626 446
131 398
441 554
887 37
134 519
781 632
822 948
973 572
61 962
833 105
27 222
464 478
874 791
361 121
713 762
330 933
353 268
977 714
597 97
874 678
359 306
783 444
511 119
649 952
675 952
684 923
37 139
389 131
634 73
908 818
13 402
508 846
25 728
995 536
505 260
141 289
645 750
723 130
887 911
525 392
853 523
583 406
197 215
35 132
309 557
706 895
434 538
328 233
371 141
48 152
211 308
343 307
988 4
957 799
907 54
631 615
410 258
560 514
461 21
175 951
768 975
418 200
807 422
275 305
771 724
851 610
393 926
521 410
928 374
897 399
886 647
225 924
464 436
764 231
725 323
752 679
345 343
919 703
496 973
786 784
716 465
365 253
555 799
333 543
257 240
337 612
726 30
568 168
398 229
564 92
532 434
660 623
847 943
657 807
606 322
473 838
292 270
921 730
526 858
689 662
625 324
607 188
866 102
580 968
965 882
412 534
287 410
415 337
420 57
350 253
344 662
451 645
782 715
72 590
435 833
18 524
581 307
511 478
23 850
872 804
612 189
733 255
529 809
659 902
586 170
935 973
130 148
743 112
469 145
159 3
185 636
918 852
19 445
559 610
304 30
250 822
949 578
974 47
354 908
758 646
7 92
263 246
266 86
486 453
751 315
493 471
93 573
43 264
262 42
729 34
518 251
632 288
604 62
30 417
983 5
416 501
56 860
495 351
99 670
650 18
688 161
531 980
305 573
740 157
208 6
595 754
621 239
47 535
817 668
626 228
75 374
284 474
765 687
674 325
56 41
990 748
920 722
905 130
321 91
839 505
408 721
271 381
184 333
721 474
467 478
200 983
274 450
277 865
650 574
155 77
174 731
342 541
1 871
97 990
886 222
669 636
304 656
361 961
44 722
279 149
136 669
430 765
832 53
226 284
780 301
892 841
641 977
698 674
830 659
161 239
819 350
951 421
202 356
81 637
478 521
651 425
384 324
239 484
816 327
345 817
901 763
630 28
637 354
653 509
710 758
401 912
951 248
483 748
466 994
59 657
814 547
609 739
295 90
354 754
545 347
765 480
727 994
985 701
777 787
398 272
717 206
721 139
578 308
465 977
781 881
674 771
252 507
700 775
203 217
976 487
29 102
561 691
485 619
109 47
458 505
331 125
582 786
874 929
236 376
350 601
165 254
386 765
574 26
193 237
606 14
69 594
127 428
364 18
184 472
277 645
938 833
207 452
647 875
658 64
1 835
53 698
706 340
890 41
749 274
296 16
95 416
230 649
892 766
288 596
365 666
22 133
79 988
465 536
338 294
504 194
480 187
162 651
126 168
128 519
550 574
666 11
832 831
559 708
747 172
37 554
49 148
802 970
767 822
200 8
8 859
206 98
23 632
559 538
907 13
5 30
162 476
453 587
845 889
957 875
727 373
166 380
217 949
436 658
453 732
513 80
417 123
950 399
309 61
185 745
538 517
243 313
116 553
57 61
601 568
657 766
677 755
208 848
256 453
683 46
883 421
891 195
322 90
33 149
416 27
833 195
517 171
702 233
562 772
542 374
467 696
19 215
460 323
62 155
689 172
895 617
199 38
59 90
351 251
9 894
731 585
971 38
238 555
674 747
164 301
311 398
717 647
761 367
501 44
514 487
273 339
420 6
761 216
248 261
11 547
563 78
451 680
72 595
331 49
633 918
247 134
814 189
712 515
554 518
140 726
945 131
672 581
912 84
418 773
310 287
707 665
520 679
637 712
92 773
645 911
840 133
520 482
435 959
510 321
206 126
340 768
882 403
367 41
439 972
963 238
468 163
677 361
43 188
622 416
590 130
703 865
501 825
981 527
319 104
209 374
816 730
730 944
930 334
221 827
459 234
319 846
588 133
136 166
372 964
735 327
536 903
958 482
688 706
41 49
673 370
237 339
507 612
847 942
673 991
958 333
321 920
231 437
669 663
766 901
378 970
917 909
347 989
390 775
744 599
984 67
326 181
495 742
243 538
727 923
50 43
35 325
272 113
421 592
594 763
140 56
989 13
701 889
173 192
999 116
162 691
365 900
352 45
28 884
15 850
931 125
309 689
41 743
651 362
799 50
103 353
324 82
716 844
699 102
367 476
980 645
121 798
196 148
399 465
368 817
795 16
37 183
831 498
76 465
741 449
873 217
727 146
50 971
803 738
220 592
901 273
547 745
660 968
294 378
351 383
578 721
280 404
543 637
30 320
413 328
824 209
273 701
95 890
635 785
545 9
143 400
713 552
78 767
299 766
104 342
546 66
472 218
535 515
916 519
810 14
30 618
216 223
271 493
476 657
458 164
313 671
957 222
504 188
999 583
529 319
535 737
23 461
80 525
923 67
191 747
268 308
641 822
895 775
524 709
371 425
835 796
909 61
359 458
837 225
472 278
37 322
165 797
406 25
283 718
804 420
254 375
741 847
28 698
909 799
527 656
439 112
900 998
483 928
944 702
201 171
37 565
386 495
171 527
194 676
301 128
84 752
15 950
163 227
917 470
154 994
263 68
430 591
438 426
663 551
255 956
996 867
604 29
89 609
419 427
738 855
703 731
371 866
546 130
5 947
932 619
663 511
601 995
22 493
52 922
63 201
526 755
263 507
6 550
252 22
147 162
664 120
811 251
261 214
372 751
817 558
989 973
651 553
937 545
579 244
32 337
460 285
214 73
859 260
18 348
40 700
864 766
742 305
669 27
63 316
356 266
108 731
722 647
709 879
302 591
85 69
252 730
33 959
950 927
5 260
688 650
191 553
587 412
808 479
865 530
562 722
635 392
364 833
188 752
437 794
523 937
503 745
507 746
148 774
83 299
980 27
874 610
455 539
192 241
156 596
553 216
205 597
120 915
504 50
287 115
70 257
93 928
75 669
538 223
666 8
286 170
372 105
870 216
799 212
658 499
900 111
96 123
940 814
211 282
728 624
385 137
224 927
498 274
405 198
870 58
48 77
585 442
806 786
590 901
276 85
903 88
327 906
881 157
661 102
153 375
613 381
529 537
742 851
979 639
727 229
216 829
993 687
243 312
446 255
584 476
976 166
99 729
372 707
358 938
552 777
845 444
739 905
977 780
225 999
836 57
925 484
213 306
985 265
341 645
604 549
960 257
181 788
665 991
356 302
806 184
948 14
632 789
856 649
51 169
288 181
645 135
574 55
188 342
354 74
160 511
210 275
846 118
544 85
251 431
984 108
625 350
753 865
572 419
837 694
518 953
978 902
425 798
616 551
196 991
178 126
70 48
640 855
974 746
525 164
612 941
240 666
921 399
831 948
867 455
107 226
653 64
656 172
179 969
770 188
590 549
629 65
577 686
774 169
689 820
91 19
874 376
927 502
917 931
993 158
442 140
813 907
528 5
768 564
922 261
447 738
304 116
380 711
237 714
988 6
315 340
443 411
340 769
737 371
367 40
404 38
926 487
232 219
368 869
741 428
214 292
470 146
54 349
518 172
828 780
208 141
445 592
104 974
195 409
169 630
740 251
264 798
561 536
554 958
124 128
74 957
660 932
357 732
275 126
792 276
481 917
725 762
375 49
787 27
826 639
76 114
221 450
801 331
542 9
575 489
759 92
835 628
388 821
463 944
286 923
820 375
182 856
992 724
193 325
415 706
145 474
740 541
745 909
134 914
283 372
396 173
617 374
199 696
518 820
1000 881
451 647
462 535
400 71
899 431
850 451
83 80
874 461
804 16
419 114
205 541
542 676
887 877
727 760
50 778
107 327
929 53
336 157
561 414
652 51
311 44
196 503
604 276
804 246
953 532
771 903
665 136
915 175
651 365
135 20
449 821
926 289
908 276
513 332
567 49
932 658
310 26
314 201
742 57
944 64
971 793
312 490
828 562
461 55
154 673
229 969
996 785
177 704
380 969
712 643
471 482
683 314
599 998
358 528
659 437
835 319
157 254
466 689
747 832
678 578
825 14
552 818
729 590
80 51
578 302
112 547
708 957
358 882
859 315
643 886
471 689
493 25
367 512
868 59
946 669
289 458
576 674
204 163
852 535
937 467
906 427
344 486
492 230
960 688
423 528
601 130
639 606
640 578
506 433
904 983
777 303
654 39
554 155
155 252
433 498
967 373
92 593
638 181
679 513
24 817
597 260
391 441
1000 990
468 220
919 103
176 555
653 55
467 28
500 220
84 787
805 989
954 505
277 148
444 427
451 385
207 582
235 502
572 943
242 518
23 993
284 807
35 47
880 624
828 752
146 891
758 625
392 704
101 338
230 190
766 92
107 577
570 299
902 282
432 848
724 995
223 720
224 722
388 571
150 718
816 54
618 494
341 517
877 595
401 688
418 270
972 681
332 840
281 574
950 336
452 238
829 897
3 665
831 247
834 825
376 747
117 373
772 743
261 102
636 508
547 533
142 795
716 388
646 347
26 880
498 917
597 391
530 448
31 295
705 814
942 941
946 528
655 72
291 733
437 583
556 515
207 593
812 917
616 302
878 754
114 551
479 365
911 656
473 956
754 535
10 913
977 503
857 806
435 376
678 276
93 364
365 610
921 566
448 125
922 925
923 332
407 855
891 560
784 918
305 676
571 446
273 407
718 815
61 464
979 85
340 665
435 647
419 10
192 400
211 428
983 538
620 944
949 742
309 583
737 116
295 564
277 25
996 647
389 439
851 628
716 774
145 895
516 666
229 385
357 220
430 616
478 846
988 978
384 64
983 233
694 100
141 860
618 370
264 517
158 161
272 804
258 843
557 357
465 645
752 768
158 304
3 87
697 162
459 371
953 897
243 424
760 766
172 916
782 485
786 920
234 749
788 190
246 648
13 745
553 972
809 602
739 793
83 797
744 929
342 782
768 465
329 701
317 452
299 569
88 820
430 422
75 30
836 714
703 400
84 288
468 967
730 286
911 839
520 112
706 263
389 14
286 975
807 519
994 10
981 368
409 21
59 448
166 484
614 690
709 646
382 886
576 197
444 269
84 996
432 333
732 984
128 630
476 158
224 239
644 670
575 709
982 868
988 225
545 724
438 198
945 374
576 483
461 863
997 637
889 860
796 760
453 267
195 765
59 908
650 569
673 648
301 199
267 123
286 165
823 70
462 490
135 64
12 397
567 93
137 676
840 101
81 7
542 148
67 52
569 282
720 346
683 366
320 840
320 602
512 118
949 47
513 734
925 86
734 990
346 903
347 482
840 491
80 231
99 325
134 452
7 590
873 942
476 873
682 204
599 257
52 964
553 697
421 137
601 165
195 980
950 836
631 1
621 235
89 490
307 95
326 393
553 347
508 911
532 659
187 674
410 493
666 148
657 70
547 228
574 413
188 200
260 589
889 429
528 309
824 863
909 104
734 199
455 994
900 637
206 412
316 356
889 30
121 132
504 293
719 166
810 654
685 274
102 236
766 327
141 416
352 986
681 763
993 185
421 944
116 56
427 703
762 604
837 504
732 194
219 817
789 133
846 334
131 615
153 419
796 55
785 742
695 127
897 44
59 793
923 880
18 950
34 217
698 176
534 298
2 635
221 605
65 757
870 338
266 36
141 868
773 435
78 257
400 448
216 758
379 258
271 954
347 288
739 738
811 145
675 47
673 208
195 372
358 992
180 448
517 975
794 784
194 36
432 753
794 646
75 363
275 157
977 843
541 74
924 886
156 232
273 844
751 873
882 968
222 377
551 543
906 424
393 379
904 917
203 28
498 592
373 868
523 673
86 331
489 398
487 943
352 929
539 375
886 162
762 884
691 432
303 62
360 640
677 205
778 201
923 69
407 108
155 255
448 99
247 621
178 180
611 214
444 215
410 35
909 59
213 926
108 196
127 120
40 60
993 394
847 339
362 420
999 180
605 285
988 395
495 629
81 737
151 329
120 889
466 413
969 114
453 161
845 671
859 29
277 147
25 426
944 817
318 865
10 574
672 911
103 161
305 106
719 480
736 306
898 193
723 44
255 495
197 829
415 138
1 194
771 994
21 15
828 753
413 72
689 93
29 532
744 180
582 416
615 485
292 598
814 695
270 657
811 979
200 205
720 516
846 68
318 701
15 711
436 808
722 321
25 919
211 956
256 333
648 607
941 626
487 59
712 326
952 309
948 575
99 268
412 247
431 341
379 12
99 642
143 65
665 961
526 898
998 847
768 232
826 564
648 780
61 841
958 41
563 443
433 674
565 201
491 372
365 339
522 700
144 938
507 910
951 849
187 378
758 325
351 785
405 303
985 239
469 454
293 232
95 902
795 122
374 461
942 510
108 153
18 689
745 836
871 316
504 854
875 185
453 99
679 693
460 877
508 661
329 62
575 885
248 202
68 477
178 269
880 959
862 739
165 529
6 543
11 887
31 120
659 963
562 24
681 563
367 304
301 226
710 838
8 284
443 369
871 849
450 431
802 824
361 24
345 643
254 813
243 28
685 909
873 117
775 641
106 137
203 212
245 807
547 837
756 151
866 738
981 616
588 446
181 112
518 81
117 882
225 884
872 473
191 139
416 175
532 213
683 35
151 521
632 569
427 353
263 767
765 739
198 556
152 520
191 361
584 523
437 553
259 713
533 986
302 617
728 36
711 247
991 7
908 633
530 199
877 156
184 503
826 810
496 441
170 694
759 152
321 802
174 363
217 369
550 413
790 492
387 75
653 924
726 690
527 903
681 83
990 231
326 223
461 636
614 514
64 490
637 995
124 794
54 757
755 616
847 440
73 287
788 586
681 670
476 14
764 694
337 464
653 288
158 710
175 748
713 13
714 350
835 594
50 582
609 477
794 377
353 543
82 439
814 892
102 946
509 916
737 369
647 36
869 148
390 23
12 541
841 691
897 225
432 234
251 318
258 957
48 329
964 207
969 591
290 266
953 186
20 231
237 633
7 939
629 256
410 915
270 363
199 451
471 318
721 71
80 73
906 339
412 136
160 849
252 463
825 97
287 771
811 82
479 224
282 684
284 498
30 762
734 622
274 56
241 43
630 527
721 353
341 112
269 499
159 931
143 302
645 259
75 428
701 464
631 147
534 106
549 652
565 587
602 711
683 954
957 183
333 893
283 40
260 316
142 157
365 428
458 30
278 365
945 839
309 397
14 347
936 509
960 483
45 703
155 131
182 477
404 674
518 810
391 484
672 646
726 585
562 77
466 438
491 777
702 625
330 519
153 128
836 899
951 498
115 850
701 743
694 400
733 182
202 558
188 525
928 1000
853 781
931 207
552 760
76 750
737 300
405 252
11 157
68 90
430 673
270 698
381 141
812 73
299 166
335 748
270 549
452 328
272 734
55 765
741 462
209 250
944 160
928 549
506 529
56 864
203 979
756 653
594 288
243 498
711 635
795 676
816 761
87 274
181 985
630 760
26 794
78 595
651 521
56 787
489 880
535 943
938 55
743 776
544 322
707 270
302 566
892 274
17 326
518 93
164 563
915 477
398 310
400 87
227 405
247 846
964 886
914 95
290 837
960 83
853 26
321 889
394 999
370 850
678 159
516 78
27 11
209 940
452 532
142 488
957 445
61 232
446 930
785 244
217 474
236 274
942 450
636 723
396 34
895 482
724 126
744 202
265 445
917 753
791 280
724 237
248 30
339 329
162 722
126 3
805 940
278 804
837 475
328 37
98 915
375 657
137 282
505 915
676 814
514 217
382 331
310 228
607 255
556 260
975 754
67 465
711 936
710 517
457 737
224 724
921 246
272 196
727 194
413 150
859 970
328 658
115 362
6 15
915 182
603 449
697 132
171 93
209 290
621 733
435 759
894 595
510 856
298 104
584 641
107 293
843 700
719 79
78 687
908 497
877 917
817 926
500 919
415 977
808 563
715 781
799 895
235 874
273 73
863 100
905 412
362 912
348 570
795 125
853 431
567 657
749 270
640 846
582 278
992 525
594 721
62 575
892 762
41 864
760 392
408 541
101 688
942 478
344 943
774 759
387 669
45 937
796 615
139 300
505 732
782 566
605 145
954 411
457 833
23 918
597 637
400 687
628 421
21 177
595 20
232 622
91 309
182 108
76 679
276 481
903 196
502 743
275 683
883 190
922 420
578 848
305 331
450 479
238 294
59 689
298 667
135 380
951 244
413 815
189 723
794 951
484 49
183 366
930 183
18 413
860 436
310 925
313 175
646 27
264 869
228 62
212 923
124 127
234 747
697 17
272 964
311 542
480 807
196 174
601 941
662 290
716 426
845 266
226 698
100 839
391 797
530 290
811 577
52 994
430 135
643 705
436 321
96 998
744 818
138 759
910 105
553 748
832 437
759 234
400 358
523 744
105 777
568 495
912 407
957 3
672 413
965 520
605 561
610 233
866 95
629 635
279 104
291 934
222 882
410 24
196 617
163 352
71 411
443 976
10 661
466 467
654 430
128 584
904 891
93 16
387 761
677 135
766 297
639 37
567 776
144 859
418 769
515 245
352 761
379 917
867 678
942 212
448 616
361 473
395 624
103 377
362 821
237 711
555 750
257 423
721 762
996 564
963 325
985 829
859 587
457 399
10 892
889 557
729 980
931 304
163 922
846 189
3 869
728 41
732 316
716 665
110 248
592 663
422 276
315 932
51 714
142 695
879 172
776 328
996 72
713 682
792 279
438 972
694 642
152 613
652 934
1000 297
857 160
910 474
714 763
381 782
492 332
856 360
708 649
772 110
448 490
875 469
602 263
394 960
326 399
916 845
61 122
88 311
486 705
344 218
786 465
15 484
139 569
981 274
70 19
625 456
112 229
295 954
739 320
32 628
583 339
549 207
953 974
884 754
41 952
794 230
852 400
780 405
529 147
508 734
662 913
587 527
382 114
789 274
803 986
205 747
956 293
728 839
417 507
20 832
811 727
297 881
906 673
519 628
697 102
393 707
585 375
750 539
20 523
918 587
479 515
997 962
300 374
963 206
689 841
363 601
966 967
492 654
592 740
4 626
242 933
557 282
580 77
799 260
198 824
608 286
882 149
935 413
25 554
579 399
506 641
787 346
552 821
632 515
907 533
930 366
950 661
40 708
467 647
928 371
588 165
459 27
30 614
5 300
429 720
873 682
63 355
902 594
425 953
78 925
389 542
193 181
237 465
970 327
32 29
311 605
743 638
72 164
643 324
754 577
421 286
153 976
361 597
107 105
277 447
120 780
840 517
917 655
740 786
870 929
657 322
456 413
771 198
554 730
975 46
776 720
851 116
842 337
966 708
989 158
187 140
81 897
906 754
708 314
430 992
90 625
261 513
163 231
850 87
599 560
34 352
585 386
695 93
864 199
441 378
746 9
154 529
547 986
904 11
205 66
261 304
544 820
567 350
525 911
344 115
125 171
716 594
998 245
926 77
761 451
806 551
241 263
519 198
904 408
466 656
603 113
932 885
39 985
155 736
119 211
801 22
80 599
476 956
539 646
635 817
601 961
472 779
329 646
221 912
566 888
41 282
840 464
441 528
174 542
36 539
623 449
570 575
304 851
911 876
754 387
916 918
830 884
759 182
413 331
528 962
52 732
576 990
403 938
705 254
524 534
620 718
930 937
921 518
705 367
412 603
309 817
329 83
476 262
166 590
975 236
995 738
780 462
321 535
622 579
874 734
90 530
610 262
168 269
381 733
12 134
430 909
715 961
997 727
232 623
162 358
202 615
426 563
119 706
585 446
294 437
935 758
640 803
776 953
337 37
998 338
477 335
642 990
826 35
383 794
615 479
689 77
994 880
918 738
613 202
480 986
820 948
124 9
623 33
366 58
973 242
668 608
544 574
636 428
569 477
308 119
271 109
863 647
241 188
464 349
392 138
307 825
274 210
475 639
955 841
354 356
155 381
998 873
469 706
554 429
826 726
866 395
955 934
522 719
763 616
728 472
449 201
974 322
843 509
493 768
98 208
136 493
654 115
416 877
536 590
249 842
669 654
784 696
711 23
35 590
622 662
311 389
791 927
615 849
448 173
526 472
862 16
311 314
349 227
574 484
723 938
960 8
118 800
928 828
435 454
143 825
809 309
279 329
232 798
361 702
173 153
258 483
956 147
560 588
154 149
219 953
664 730
500 902
11 917
28 877
180 772
552 399
435 789
771 943
900 841
873 309
709 199
570 383
680 467
720 672
955 203
993 892
692 688
817 174
650 751
971 881
882 396
831 453
840 104
604 193
343 47
642 930
607 990
638 800
769 301
829 627
254 10
105 287
803 602
933 663
735 311
494 139
688 266
200 628
501 550
122 941
892 153
996 735
669 991
51 280
221 984
80 504
407 359
71 874
407 279
257 42
47 189
987 905
359 767
431 210
680 710
74 381
883 961
493 629
904 910
10 965
856 391
150 287
182 214
204 639
79 893
264 444
72 741
677 8
680 996
255 28
735 774
495 749
600 446
335 404
144 33
932 218
760 449
338 235
984 265
13 257
417 664
401 999
944 663
680 502
590 692
976 760
866 676
210 64
887 798
962 831
956 405
79 294
135 16
672 853
950 191
381 996
591 187
24 435
647 245
617 788
615 419
718 183
931 350
471 9
487 556
332 977
560 180
279 902
859 992
220 702
1000 442
229 184
600 772
693 361
864 905
4 514
793 387
153 698
360 184
308 184
56 209
656 356
167 199
578 298
172 607
378 452
679 104
402 980
955 768
886 532
816 586
213 502
783 62
915 110
296 510
173 808
84 389
511 838
203 17
908 684
467 484
496 116
978 808
631 998
743 744
70 850
363 228
791 851
217 358
539 249
79 672
335 330
942 742
320 49
784 640
433 502
452 534
365 543
857 895
35 407
37 333
884 672
813 668
960 112
526 259
297 222
711 838
151 47
546 872
412 790
533 606
662 946
538 196
560 532
724 239
999 407
214 821
141 449
571 372
975 546
2 905
370 591
196 471
630 946
880 628
383 515
696 500
44 163
119 761
870 19
671 70
177 262
309 257
145 800
777 759
595 856
409 731
767 314
3 12
661 77
917 179
721 850
243 178
980 789
877 591
604 137
733 555
517 526
648 755
439 672
781 905
428 439
266 342
547 827
168 18
536 8
384 821
773 635
411 748
319 943
310 550
151 742
355 923
906 361
108 901
802 326
911 216
381 723
130 831
661 513
848 8
96 877
328 435
377 544
674 908
161 295
470 299
697 469
554 438
668 338
706 29
304 965
639 745
360 961
677 396
153 736
227 435
65 60
969 582
127 426
952 754
471 804
632 988
106 723
251 390
742 944
473 896
972 478
634 205
400 229
218 884
942 365
834 884
799 556
984 419
692 924
103 144
849 795
704 34
390 595
453 241
793 876
944 551
531 844
663 499
369 153
867 652
47 885
729 691
699 455
349 322
465 333
567 196
181 441
788 663
291 345
910 679
735 195
573 595
647 172
872 512
923 652
824 739
876 740
200 157
59 834
284 549
251 570
567 826
327 897
469 779
171 413
926 31
960 999
821 363
238 407
955 509
849 18
859 558
699 732
752 803
38 990
935 420
215 700
722 435
553 533
860 549
238 241
440 976
424 621
422 456
760 625
638 630
489 957
164 663
228 284
261 325
5 65
248 992
381 847
290 937
130 946
866 392
39 294
160 20
192 683
65 111
229 692
752 495
494 406
387 174
597 249
105 783
14 467
239 896
937 220
647 837
965 758
883 917
844 693
627 831
156 663
643 159
883 770
899 41
443 869
226 367
282 45
176 536
672 381
10 444
182 514
92 459
629 475
791 124
975 195
442 21
231 83
72 936
312 203
671 875
512 992
583 399
144 484
774 608
427 599
889 864
706 886
784 148
949 710
127 736
378 253
671 905
249 626
162 395
243 76
615 846
387 806
211 682
765 239
107 525
863 806
612 614
224 815
315 728
600 698
272 757
55 666
519 432
206 866
70 883
773 492
955 537
370 91
744 340
686 667
247 291
233 721
272 915
185 406
298 927
264 771
427 305
982 173
341 795
983 348
125 948
40 746
682 825
725 645
483 230
564 261
270 136
455 116
592 70
963 257
617 405
922 682
146 125
646 438
18 67
296 289
648 86
852 990
51 57
469 266
610 792
45 555
65 405
771 417
40 181
856 55
732 666
585 631
554 962
274 665
616 663
980 88
818 79
715 733
364 389
75 634
176 659
175 140
36 103
791 241
245 311
49 500
513 421
624 352
168 454
970 711
666 252
775 946
580 830
167 902
225 501
424 224
410 673
620 666
626 603
596 382
498 422
206 975
245 875
474 399
437 57
935 270
996 264
392 406
428 460
48 990
988 692
521 447
439 716
647 299
669 239
281 726
446 184
584 281
716 270
707 469
692 295
693 10
821 69
74 986
80 199
485 624
4 737
768 20
705 837
616 168
504 642
422 242
133 357
283 152
87 738
97 315
329 458
829 429
151 129
908 572
377 470
344 9
772 211
260 783
814 434
931 626
770 940
771 413
666 749
779 902
288 591
550 299
53 833
735 869
410 94
653 50
641 554
589 948
291 241
420 427
608 744
685 465
537 666
224 171
477 311
116 489
292 171
407 556
766 359
235 493
903 332
525 346
124 547
644 475
37 435
980 560
274 807
16 901
914 994
44 51
561 159
395 347
55 685
196 271
349 944
8 900
116 941
357 389
425 380
343 214
346 182
994 874
276 157
650 430
815 872
873 191
824 405
950 341
591 557
37 633
707 32
603 115
416 66
462 787
54 393
773 47
49 782
246 673
213 280
596 646
367 547
463 672
74 577
749 859
808 681
198 486
36 517
473 229
511 869
222 488
833 133
924 116
583 977
847 620
23 382
377 755
354 19
579 566
268 327
584 832
948 481
1 836
952 996
165 985
264 486
487 162
17 210
199 750
19 636
204 640
297 354
210 709
174 984
729 359
417 869
839 798
418 534
473 673
993 426
277 465
650 861
662 136
856 158
442 259
830 694
999 37
379 932
947 502
935 829
679 919
870 210
936 919
235 695
840 257
841 40
325 327
229 381
98 963
356 587
121 418
603 610
343 295
290 145
879 721
96 224
404 153
902 360
148 200
360 309
158 904
324 400
844 790
556 235
409 694
727 370
674 378
202 839
243 145
506 101
906 89
391 659
921 773
517 609
574 530
3 411
43 230
854 738
546 19
218 64
703 987
9 171
982 134
458 546
275 104
42 421
30 642
548 859
271 156
129 755
213 429
694 136
347 699
605 876
161 691
395 331
430 273
527 237
450 723
861 563
644 79
347 857
994 404
575 721
173 529
853 479
748 139
89 258
481 383
130 324
882 577
616 557
529 652
179 141
770 916
992 556
390 941
196 596
163 357
164 10
685 408
10 656
407 886
877 611
819 366
365 776
424 36
724 177
433 104
576 504
318 829
282 383
482 870
324 214
788 709
898 133
153 458
768 697
681 121
149 126
580 182
86 555
713 275
452 193
21 436
884 204
632 157
775 111
465 74
67 426
529 641
713 508
272 770
825 794
46 70
955 427
719 690
685 894
924 730
779 249
871 599
674 497
267 941
894 652
769 291
110 255
816 834
393 23
46 827
720 238
846 383
147 149
308 85
881 317
755 484
761 871
173 945
401 302
280 370
912 152
29 318
765 628
473 172
420 621
232 961
41 336
242 467
835 634
565 269
394 454
334 798
479 275
155 121
655 316
624 854
5 727
965 745
748 239
198 200
903 679
635 295
925 951
415 345
198 91
294 590
5 905
799 487
987 847
895 78
736 461
18 516
170 823
5 794
782 621
762 273
874 311
366 415
272 135
76 949
659 376
40 355
391 349
704 154
998 719
174 242
968 287
676 80
183 96
462 88
340 956
983 831
362 679
147 433
185 870
94 88
243 216
959 310
195 93
812 647
55 761
370 237
707 705
742 797
138 231
841 572
551 889
422 311
836 353
859 128
56 211
879 205
759 363
116 671
640 395
363 545
132 255
812 649
962 58
873 909
783 56
581 335
265 299
144 564
420 897
242 503
333 908
62 346
265 692
798 622
491 284
900 26
964 652
869 955
784 627
341 370
843 208
641 131
575 638
282 243
102 464
891 701
587 164
456 674
149 641
11 608
710 34
663 120
900 606
269 697
640 644
774 670
296 745
981 643
377 331
889 174
743 63
874 186
68 198
862 667
556 482
349 380
336 581
667 923
923 565
249 696
305 254
790 550
41 708
560 884
543 117
287 843
879 301
721 711
614 10
872 693
962 669
927 891
492 862
328 775
20 69
348 474
901 604
570 301
660 149
924 514
229 218
363 856
199 502
139 859
149 505
860 252
544 533
51 519
971 502
627 376
575 248
15 740
326 7
838 858
643 856
471 595
147 905
740 8
861 538
46 542
243 226
268 915
364 868
165 277
938 23
960 611
89 11
326 296
18 121
551 417
866 341
283 485
722 961
708 716
734 509
240 56
666 556
559 215
761 490
118 57
523 849
122 52
737 593
494 876
13 346
729 245
782 873
141 95
752 50
572 261
250 323
274 595
408 609
410 179
856 159
947 328
785 357
254 410
148 842
103 115
966 882
509 312
724 706
883 503
774 634
611 548
996 830
337 495
733 73
880 515
537 976
496 828
49 140
568 708
491 755
519 186
300 27
671 36
396 518
328 980
310 196
662 297
613 277
281 450
120 342
618 445
855 312
693 397
196 235
144 145
647 76
964 208
695 320
463 874
77 41
25 630
856 852
358 978
663 234
471 273
129 976
612 305
578 737
320 657
726 533
843 719
274 190
312 117
976 44
246 642
801 55
696 987
860 726
184 47
493 987
424 766
800 905
237 802
454 974
60 561
132 70
506 9
71 83
365 306
291 525
888 801
467 414
973 91
305 901
369 896
334 946
481 334
231 286
657 195
35 627
786 489
308 549
588 494
889 298
856 93
13 56
805 44
734 66
101 847
729 322
658 958
272 13
623 922
690 23
131 962
480 224
668 473
211 112
709 273
654 394
63 660
11 825
984 735
597 766
328 131
20 569
813 388
249 695
814 935
546 513
537 450
231 912
278 736
870 78
546 624
381 115
148 212
164 632
124 731
841 805
330 605
77 235
849 338
134 114
45 333
11 197
107 924
971 707
292 762
955 426
764 794
46 969
996 229
924 586
956 250
678 601
289 317
143 23
855 817
337 706
502 772
270 142
463 667
778 741
797 135
345 120
52 881
282 340
147 671
463 953
389 550
543 937
401 209
572 495
347 932
287 965
952 925
193 124
847 724
316 28
697 281
72 744
549 122
36 899
74 90
183 812
478 504
386 225
580 727
652 196
175 425
931 775
948 879
703 343
629 46
409 49
49 490
983 619
611 792
127 817
938 958
318 990
870 155
727 614
850 76
915 280
13 799
385 89
738 617
560 841
478 820
357 141
763 902
768 646
519 427
116 804
962 708
580 171
966 936
552 652
419 439
987 40
591 474
169 33
742 786
48 362
273 85
716 697
893 901
427 863
915 149
788 141
113 805
760 572
209 330
31 719
346 869
440 226
223 185
596 837
227 186
47 911
434 448
240 319
136 74
249 455
195 553
535 539
368 467
648 229
316 851
479 481
443 592
321 391
578 237
227 489
530 8
863 156
611 79
424 99
841 502
491 61
771 415
957 440
210 735
562 264
696 446
847 345
758 140
61 340
961 942
232 970
562 676
785 376
879 872
383 345
933 203
426 918
814 253
597 755
836 605
312 348
371 302
101 633
301 103
470 678
344 758
77 448
866 583
193 482
157 552
713 200
400 727
304 51
223 840
133 592
944 99
346 154
529 703
159 268
497 951
495 420
355 677
906 931
615 439
307 658
513 67
950 440
648 758
976 803
393 960
9 316
156 437
928 582
39 72
96 514
869 393
637 189
252 413
346 982
20 267
893 388
77 759
802 664
941 782
599 342
566 389
588 197
535 974
246 321
138 732
387 183
208 648
874 825
964 855
541 695
425 921
412 689
394 900
911 665
607 110
867 245
355 612
53 818
383 31
3 5
648 334
500 281
376 295
70 95
511 187
334 736
279 289
780 458
158 562
654 471
178 436
89 631
92 338
176 242
261 971
957 702
761 37
818 228
107 375
534 168
700 128
318 775
463 346
512 950
292 914
921 70
794 508
146 321
953 597
537 406
997 533
667 535
82 461
284 945
237 623
578 941
272 215
154 625
604 249
536 329
441 11
123 828
964 352
214 131
786 512
56 797
453 997
882 217
954 826
385 589
117 892
997 248
47 609
659 355
609 992
829 559
526 905
134 467
782 471
656 863
129 753
907 942
694 554
743 70
536 948
99 12
502 987
344 421
342 880
308 256
492 37
863 54
868 472
140 457
821 974
516 124
910 140
566 796
226 251
709 766
451 770
692 972
948 630
169 265
443 870
835 427
27 871
545 742
928 7
22 190
741 830
351 678
500 236
227 620
144 618
179 977
998 16
278 903
542 688
672 606
103 150
196 372
503 920
269 704
236 629
275 895
131 739
962 991
942 217
763 780
323 651
331 248
572 878
757 294
153 456
873 313
563 533
146 771
949 870
121 260
128 137
186 499
479 554
155 864
375 965
955 429
850 829
355 617
300 286
599 986
450 175
783 312
841 518
574 524
410 925
693 130
821 509
268 644
955 651
689 215
156 364
238 537
94 544
424 588
955 760
145 87
980 663
85 291
986 222
588 190
570 913
630 513
702 178
513 631
735 334
496 253
139 961
507 991
53 551
165 189
477 763
739 24
151 894
961 54
212 376
680 714
112 60
666 613
544 893
691 458
987 931
587 45
351 996
190 546
356 782
361 636
661 973
841 426
490 280
149 619
494 886
562 500
253 551
400 959
793 696
775 632
469 843
733 494
384 451
519 631
900 523
851 95
121 382
547 374
106 234
968 257
451 813
185 537
257 228
719 92
847 11
619 408
961 838
269 100
701 594
963 407
908 268
903 654
876 664
327 804
842 536
571 74
607 792
78 110
120 288
963 292
525 533
214 638
343 94
578 917
216 846
413 140
668 756
181 144
336 423
160 917
562 297
181 1
3 981
579 114
66 323
472 534
169 602
960 891
647 693
6 327
815 695
281 836
670 238
138 967
30 329
237 123
754 39
977 844
482 354
100 181
321 160
89 188
171 386
114 345
646 262
890 470
598 15
194 449
801 367
848 846
612 191
904 112
635 118
621 55
749 2
92 779
753 967
386 670
712 346
709 916
766 863
617 340
700 697
717 757
593 943
151 243
463 781
744 557
781 152
875 325
507 729
678 224
37 479
27 958
292 10
330 197
168 248
540 368
727 950
49 299
822 622
110 940
515 18
631 555
57 174
395 284
395 144
567 990
110 799
994 601
992 820
408 293
282 258
853 969
141 509
804 131
24 757
405 56
140 827
289 727
881 861
555 668
439 873
215 735
104 690
267 184
471 184
535 847
629 980
816 95
836 18
106 371
162 33
206 814
139 381
546 155
216 810
488 207
931 463
297 691
510 608
346 36
878 480
30 282
968 983
164 1000
181 918
474 128
61 608
354 490
800 752
195 742
61 721
759 510
332 508
501 538
686 944
86 140
515 205
722 892
248 823
688 564
212 722
85 76
731 758
145 239
952 137
437 591
388 389
598 154
435 162
900 504
792 737
231 500
17 70
182 792
972 474
265 944
782 879
531 429
326 91
739 270
45 641
891 603
72 545
771 11
886 466
532 498
987 649
736 503
165 649
442 270
405 378
922 20
151 362
743 204
947 507
586 153
511 408
997 141
376 781
652 28
399 638
984 628
90 687
54 770
613 713
775 870
963 478
28 949
432 22
287 920
200 50
785 749
383 547
850 52
543 107
176 11
360 312
540 994
594 49
809 857
654 819
872 659
923 817
451 16
859 959
107 946
381 335
643 404
649 224
82 639
928 611
536 566
806 580
333 270
181 306
959 46
308 124
626 353
464 975
454 957
751 825
770 596
70 621
824 1
878 436
202 178
312 853
927 894
283 212
285 638
786 197
610 897
347 813
285 767
619 597
711 125
948 337
147 754
204 961
943 94
657 193
506 233
877 294
829 18
930 966
917 992
297 323
648 960
249 58
377 237
406 909
863 237
771 103
168 176
886 318
491 802
703 451
867 607
262 505
10 622
442 49
917 307
22 409
23 944
338 34
600 497
853 897
323 650
569 870
510 252
442 4
758 518
68 222
162 391
73 288
590 895
205 291
667 754
839 626
708 29
466 928
159 455
474 439
826 192
314 284
703 794
65 658
390 153
289 106
806 529
8 558
727 113
887 616
349 195
329 918
626 868
612 88
669 184
963 903
927 736
397 597
616 33
856 592
583 743
952 99
902 945
394 744
569 222
846 754
799 940
1000 702
476 647
57 547
881 348
611 85
468 348
528 527
250 167
59 338
878 541
325 53
221 88
459 689
373 91
503 680
767 303
610 118
149 618
558 782
889 437
601 361
594 546
153 792
193 751
440 876
295 615
843 664
245 676
656 431
894 19
931 103
842 438
149 46
262 263
401 929
20 829
883 207
47 989
336 137
615 316
619 52
11 146
234 361
698 184
366 658
975 660
303 553
29 810
203 635
459 469
613 188
318 280
11 368
621 609
747 682
920 308
806 573
401 333
295 56
613 13
209 319
651 800
266 270
531 758
717 223
661 113
569 985
778 421
997 319
830 428
342 108
256 391
26 869
662 5
449 106
394 573
752 589
40 601
918 243
777 116
331 823
503 328
882 851
554 457
939 408
8 6
338 757
85 24
892 408
730 303
783 219
165 80
347 789
470 335
49 122
236 107
700 698
584 603
430 762
402 167
640 889
176 597
733 303
572 211
956 114
574 417
406 23
923 379
597 768
305 896
879 874
495 637
525 116
486 80
951 446
903 315
71 895
841 109
228 638
634 729
33 632
528 232
864 110
332 524
629 802
724 970
672 869
694 230
860 26
295 361
478 929
766 212
635 651
215 39
793 497
427 95
893 160
989 717
422 342
726 256
883 179
930 285
551 239
21 572
638 607
31 714
125 632
737 518
772 383
172 719
263 800
826 817
624 838
41 284
95 977
773 854
616 136
174 544
888 918
933 170
161 683
218 428
331 199
259 354
706 393
429 558
502 108
29 404
435 165
327 147
339 833
122 51
642 972
622 764
53 655
2 435
809 33
465 875
212 32
70 914
369 763
346 244
84 90
265 768
105 221
6 111
373 132
671 749
947 333
663 409
611 984
463 439
633 838
639 14
487 269
625 133
239 412
171 980
119 954
338 63
581 129
687 97
505 598
16 199
714 290
976 709
28 418
135 198
157 522
949 542
167 753
794 365
10 316
873 492
472 642
396 513
788 259
725 185
989 414
441 152
519 493
561 191
72 476
565 255
684 67
461 246
615 469
397 846
417 112
608 365
656 691
100 409
873 159
447 180
604 793
181 120
501 731
856 966
506 707
677 760
509 473
851 801
124 229
57 804
687 544
389 52
365 661
907 928
511 692
113 205
385 639
497 366
5 477
905 199
534 523
269 344
143 323
812 882
677 801
35 743
19 446
682 386
61 71
781 99
715 470
352 720
585 550
407 655
677 30
952 627
22 205
888 625
151 427
336 811
585 951
306 144
804 407
589 999
952 738
116 271
207 112
908 181
361 672
896 725
179 979
328 311
129 314
348 938
212 984
45 902
652 178
12 209
213 264
858 928
733 57
735 417
59 22
528 127
569 869
149 820
828 706
253 69
723 147
864 22
312 472
58 196
811 910
228 788
279 888
820 624
992 313
909 858
464 130
945 725
488 8
841 516
719 152
411 802
553 554
891 410
267 574
492 583
163 737
369 404
995 424
189 609
760 547
17 560
695 583
480 369
759 304
482 348
412 118
75 471
366 618
687 708
355 39
749 187
394 745
347 667
494 606
65 78
91 561
697 641
436 467
203 504
445 411
875 458
730 507
193 339
340 38
52 658
493 512
60 165
524 724
445 381
810 597
83 493
466 287
943 851
94 298
491 880
479 389
44 512
616 811
989 2
221 184
758 833
466 65
219 923
922 371
975 448
408 378
742 469
383 548
215 335
567 32
419 346
556 393
244 493
228 554
543 157
451 205
215 316
495 28
423 275
957 823
493 745
549 682
237 565
384 1
868 745
730 726
693 450
566 112
114 147
565 824
822 153
626 822
719 832
104 20
820 874
802 461
930 246
916 325
189 75
705 574
43 947
379 123
215 721
701 154
20 481
830 406
82 870
820 685
730 555
94 429
242 352
227 12
9 961
853 192
821 866
21 445
420 909
174 778
320 361
861 710
523 809
322 554
490 600
821 516
704 518
417 995
369 734
957 437
905 586
67 895
322 716
300 353
266 683
40 436
903 421
596 73
724 134
275 840
279 508
233 310
767 177
976 730
757 363
775 892
90 632
971 977
315 313
858 581
271 594
534 348
112 851
332 924
685 928
689 421
341 666
196 243
56 550
845 218
7 197
817 377
546 248
717 480
95 540
495 278
668 740
617 20
34 980
381 395
160 740
40 361
998 538
157 26
855 231
859 224
4 883
936 110
544 664
686 839
925 21
217 928
289 371
739 999
298 227
156 197
393 269
881 74
772 271
981 927
145 237
672 26
514 757
142 178
435 164
164 430
274 282
575 696
286 985
785 383
491 397
202 200
829 61
852 130
122 419
838 437
841 407
182 649
19 643
501 700
718 670
116 308
567 911
808 6
175 417
296 826
596 109
983 703
286 405
947 509
771 811
75 662
787 441
965 225
235 460
510 198
791 421
405 90
443 283
547 129
881 895
491 759
974 192
388 739
617 837
584 154
606 864
125 102
140 575
471 463
293 827
129 778
264 527
724 717
232 131
214 279
328 694
385 465
650 79
941 572
543 280
30 485
768 30
661 333
459 365
273 860
734 1000
806 469
703 191
989 833
318 781
233 537
345 247
668 285
706 200
436 329
844 126
352 772
369 858
722 862
282 627
764 293
692 58
472 157
519 965
538 115
9 874
31 749
730 484
35 742
420 852
630 373
977 709
355 377
925 573
378 954
383 175
701 22
499 610
45 594
445 344
892 679
417 939
74 34
131 953
633 817
634 90
780 282
212 180
478 403
639 92
896 726
490 453
755 627
992 783
990 270
684 589
206 313
11 829
28 757
638 284
265 939
179 579
645 866
672 960
395 43
380 619
118 178
319 472
817 153
24 350
208 459
940 916
730 576
12 391
675 193
150 541
744 444
262 59
210 264
780 956
50 673
971 711
355 618
872 256
64 845
357 472
730 866
802 55
380 47
492 99
111 913
835 37
564 493
102 612
638 698
552 31
953 50
363 284
789 668
259 993
206 518
209 354
462 940
838 791
910 852
678 684
801 416
406 995
106 278
63 488
658 312
935 164
722 691
964 756
269 214
218 498
950 931
368 427
496 240
868 360
526 242
643 460
293 117
869 898
623 631
413 764
57 658
504 953
446 572
505 96
434 28
300 834
294 752
499 638
745 890
799 605
529 105
921 455
602 976
948 708
879 848
277 533
315 193
667 148
207 87
805 121
927 334
624 279
127 940
760 311
728 789
948 794
606 794
607 615
108 162
22 443
461 889
239 324
548 230
474 375
314 220
945 790
195 179
140 624
180 517
327 950
385 383
849 178
354 880
669 455
689 265
108 807
436 862
95 571
686 590
746 349
986 492
470 181
567 345
111 205
591 599
997 172
704 1000
294 577
160 886
694 759
643 867
21 919
156 226
94 402
612 43
66 147
748 923
786 248
385 965
540 911
412 916
487 551
728 407
861 709
886 184
142 326
364 178
166 376
635 361
84 209
946 212
430 445
931 632
456 600
588 865
790 429
905 585
374 366
418 524
182 605
394 411
704 924
871 355
729 446
663 392
871 496
582 109
431 695
483 940
118 525
139 136
585 168
931 948
901 788
454 636
300 157
780 151
174 386
379 764
768 759
607 744
336 713
387 983
870 873
785 696
915 761
533 170
975 709
345 734
508 190
73 591
916 149
404 481
68 822
346 176
272 229
133 164
665 685
833 595
741 122
65 969
604 378
713 665
904 418
821 163
968 553
146 413
57 782
938 129
489 200
319 650
468 720
915 403
240 351
945 23
69 692
325 602
680 615
627 522
830 237
479 449
156 996
714 906
199 966
368 66
611 30
574 150
908 990
484 690
838 283
770 539
559 151
339 816
349 151
520 189
781 585
612 233
357 700
504 864
710 240
767 481
199 629
576 244
830 553
27 309
943 778
33 847
73 94
907 223
495 915
723 244
284 156
343 735
309 987
241 957
758 614
684 761
779 279
653 306
90 682
272 339
516 766
849 591
775 867
408 179
90 605
309 765
537 410
314 37
667 747
51 938
547 17
756 102
326 708
457 571
346 558
656 602
917 208
332 784
449 532
785 966
517 619
185 18
778 25
530 742
678 566
299 391
51 614
214 246
750 420
151 515
669 66
319 857
566 458
557 653
687 546
670 436
412 92
30 535
677 472
553 586
551 499
77 616
778 605
821 857
273 915
481 720
476 512
905 342
355 235
430 283
164 451
628 808
244 561
136 356
563 191
948 451
625 330
53 737
592 413
539 166
577 495
939 640
889 301
140 548
286 837
682 304
569 686
587 146
127 258
429 835
947 314
141 207
568 581
435 462
678 446
158 90
853 998
27 744
139 498
712 560
457 696
205 621
543 411
675 277
732 834
179 578
453 367
440 962
112 559
603 420
461 852
997 610
706 881
323 655
489 260
291 493
646 545
685 197
944 449
290 207
533 881
7 116
437 108
133 515
797 572
506 801
707 191
169 646
111 970
828 546
133 660
47 424
290 401
646 978
8 578
996 275
971 599
560 494
194 164
93 920
659 274
623 77
635 915
676 990
844 598
52 169
170 92
388 171
659 240
643 663
864 690
721 351
62 209
781 573
527 41
882 810
973 577
575 285
692 31
147 674
190 708
617 145
188 509
886 204
909 443
396 210
749 316
566 786
884 549
500 302
687 122
571 533
341 992
25 315
527 530
415 468
623 965
758 212
858 986
452 879
839 621
953 838
344 922
455 868
168 318
872 786
506 230
620 860
478 789
861 70
612 860
740 819
595 102
337 298
893 506
876 517
228 389
435 889
572 782
81 813
888 75
409 854
48 178
745 215
676 27
59 643
778 255
262 36
907 465
581 778
820 598
911 441
88 757
579 489
457 893
733 624
38 910
630 980
884 460
831 199
651 805
530 558
513 772
588 504
437 292
388 248
206 611
917 314
798 807
342 99
553 992
83 129
973 259
333 676
752 576
863 340
169 888
721 443
947 777
86 215
126 768
949 347
21 872
562 592
523 730
801 476
730 298
915 412
71 22
536 543
978 800
501 213
174 741
48 721
364 179
900 407
468 988
625 912
28 856
108 168
239 822
557 815
304 541
952 557
95 451
376 383
698 884
943 732
162 518
897 601
145 732
594 517
407 692
710 951
839 593
880 910
989 100
193 889
767 179
509 640
132 976
22 324
278 818
137 958
154 836
873 356
585 56
418 945
291 421
169 211
576 341
704 410
922 321
390 427
641 495
435 962
917 74
223 695
121 745
730 569
694 148
453 746
256 58
446 641
335 714
676 566
91 126
852 25
223 597
320 796
543 294
54 273
916 500
590 199
518 96
425 439
152 281
100 119
873 817
379 168
659 330
551 232
402 929
929 604
356 168
48 617
639 947
865 978
811 404
403 590
777 4
942 846
318 228
47 942
657 558
670 488
998 981
680 616
454 887
421 118
321 930
714 907
308 728
601 700
592 291
210 621
705 68
958 310
947 3
113 401
484 230
193 281
668 866
186 452
89 344
531 433
520 190
942 373
567 683
623 908
830 558
961 909
124 777
32 615
53 991
44 458
512 796
954 417
537 383
442 253
98 619
687 385
577 499
788 552
550 955
383 606
975 442
742 403
668 82
466 150
453 428
579 669
315 327
558 257
971 844
879 335
699 189
560 229
357 81
372 632
17 815
237 908
394 358
651 796
191 47
263 466
824 440
186 685
613 66
530 630
290 735
311 939
38 953
891 209
471 642
95 929
226 688
652 948
857 338
565 129
344 315
90 291
910 536
627 632
95 54
583 797
623 492
311 766
222 463
888 807
407 203
986 904
643 939
992 709
455 319
402 329
829 494
577 125
135 701
814 185
178 224
126 570
416 725
458 112
791 918
422 406
153 998
575 559
852 160
504 782
343 815
678 300
421 733
403 830
577 415
300 546
467 115
710 221
54 593
538 354
808 706
687 327
839 904
862 315
629 84
150 215
44 430
318 853
323 495
340 705
841 124
791 219
153 34
357 770
193 801
603 982
692 317
415 166
309 687
606 719
537 452
707 532
46 646
417 326
903 34
250 674
790 902
662 463
920 154
924 674
651 90
375 960
752 921
988 825
238 456
744 461
712 171
234 531
641 241
223 429
671 437
531 734
266 904
834 885
894 913
753 355
754 60
113 908
167 171
467 757
911 24
143 386
934 395
499 270
422 127
479 122
407 265
34 623
74 640
827 249
1000 674
450 671
714 624
17 480
732 224
762 501
455 402
776 19
303 46
507 579
681 154
460 635
814 414
283 466
356 676
920 490
443 335
456 574
165 922
39 945
151 91
913 968
352 366
403 858
460 857
615 743
780 312
430 129
748 388
14 576
553 242
709 842
679 886
25 297
888 767
193 739
103 32
508 720
254 468
455 871
336 961
762 395
175 548
180 882
846 438
842 291
87 566
111 666
148 400
62 942
430 978
326 611
384 230
438 41
978 50
941 446
304 13
106 393
513 351
510 367
202 932
721 707
689 446
449 945
267 224
91 484
423 413
525 609
858 398
677 970
642 927
954 925
63 219
263 389
267 974
201 439
699 963
909 932
320 672
546 82
364 601
110 13
133 58
924 987
997 315
925 14
393 133
932 704
603 156
225 553
207 802
483 10
463 873
854 15
331 78
977 976
389 866
429 693
15 216
273 969
240 132
296 374
230 803
670 540
48 827
713 300
643 400
702 671
184 459
791 760
778 997
307 391
715 2
572 393
845 215
523 955
230 525
493 578
605 591
814 521
933 441
349 34
222 816
500 178
118 865
692 560
185 719
353 769
52 477
249 720
750 880
970 656
533 413
224 18
97 260
617 733
580 471
470 555
110 207
419 379
367 401
82 483
85 832
395 450
785 702
626 740
669 533
148 138
646 889
684 452
449 708
443 478
979 640
618 64
34 241
785 847
305 770
129 803
238 421
987 810
531 568
125 161
950 434
328 669
176 583
636 275
