822 868
68 535 885
755 451 956
53 91 -913
730 130 68
430 224 24
570 395 651
594 148 -291
663 431 147
365 289 692
21 445 25
471 19 295
274 294 740
702 160 -343
678 53 -127
418 458 -699
695 686 -993
227 466 675
90 45 596
4 300 546
106 816 -279
463 717 196
121 743 -469
66 253 479
710 797 335
466 401 -7
559 371 731
448 392 51
286 319 -705
629 45 -730
78 789 560
256 64 -141
85 314 -553
29 1 -913
507 17 -978
463 399 439
463 4 43
418 445 -435
564 524 -555
658 487 -401
585 809 -644
140 478 -457
722 532 596
539 783 529
193 88 45
453 331 -797
174 548 705
494 380 -332
816 204 -638
314 358 -610
737 365 157
278 120 -610
124 598 100
199 593 -805
325 812 -348
128 526 560
664 197 -331
558 273 -742
635 275 59
574 318 -908
818 385 -663
430 457 -589
496 535 440
478 529 191
282 357 763
377 248 118
184 297 -448
333 640 193
8 651 524
744 316 -346
806 583 -40
272 669 801
29 120 -301
738 796 80
773 468 634
58 676 270
696 49 205
41 491 -473
767 354 349
91 443 196
419 399 350
742 278 890
370 797 884
515 417 -396
167 806 -984
210 714 601
560 510 790
466 341 12
193 258 888
565 306 -192
381 743 389
111 492 -367
641 415 -93
146 112 942
30 576 -405
774 146 408
372 813 223
257 68 911
3 526 760
714 636 628
257 301 -286
268 14 18
664 652 474
278 820 738
493 199 819
317 478 -743
50 326 -935
756 339 -726
16 583 -972
617 364 104
164 462 -938
479 696 -790
750 176 60
506 418 -326
467 318 -818
671 353 557
724 802 996
280 99 51
253 475 -715
759 69 -139
261 282 674
699 165 120
311 446 312
500 313 445
448 254 109
397 163 -236
600 118 -212
597 361 -547
511 772 -937
604 78 948
812 449 -644
497 585 -562
525 590 573
73 388 179
5 379 -391
565 391 886
62 782 123
423 610 208
417 411 -644
100 28 -282
179 363 337
627 273 992
572 602 -856
802 742 -827
22 548 -908
77 286 304
566 103 717
78 698 -307
392 614 683
634 175 64
151 110 637
585 232 -660
123 477 646
759 501 -391
500 614 -988
1 105 768
615 456 -750
218 422 829
479 110 522
797 132 -595
377 158 -798
471 169 -750
476 74 764
358 51 736
506 283 -605
569 391 974
519 91 -223
766 617 417
427 54 348
711 535 -768
257 629 -643
626 160 -734
703 7 77
732 635 10
721 512 425
429 751 -169
155 184 -413
693 739 69
544 37 -776
816 319 -540
140 796 -383
154 369 370
364 305 832
438 388 -383
549 773 -210
656 396 325
320 640 469
160 549 -673
734 745 -464
748 96 500
578 387 88
136 83 693
414 331 -613
588 442 724
269 491 -386
13 525 -712
291 713 -103
410 102 582
454 157 -852
425 779 -968
251 401 145
139 733 168
537 207 777
1 800 482
552 72 -729
240 473 -820
611 584 -471
406 331 -216
490 616 850
132 773 140
420 320 793
781 621 -617
547 768 -208
399 567 709
181 820 -625
802 227 -946
612 633 -725
270 674 170
778 686 -709
727 283 -490
16 324 -703
134 607 402
306 182 -164
194 571 518
549 262 466
631 760 -783
219 419 -326
235 621 -245
187 459 864
96 619 822
396 599 897
431 379 740
725 77 665
714 493 -739
114 45 -514
587 237 199
69 433 -993
594 230 -196
551 664 411
253 714 402
336 479 107
131 743 156
269 290 860
179 439 -765
639 162 186
796 348 505
637 285 464
197 242 284
183 275 -146
163 720 -734
652 377 282
378 265 186
726 450 595
819 220 671
240 492 -916
259 68 912
321 449 300
581 319 245
475 651 520
356 132 -104
108 705 466
392 14 -672
148 445 -974
120 704 -849
212 569 987
177 151 -953
820 399 -702
135 715 -637
627 462 -989
522 610 611
766 804 -210
106 506 -551
505 338 57
612 722 -725
545 502 -632
799 761 2
760 581 878
776 339 -307
327 584 -618
456 361 -799
313 733 -957
165 148 -938
352 578 -525
298 735 -205
362 665 -921
205 571 -893
131 48 374
610 693 -439
758 463 -208
232 236 194
716 203 584
693 678 634
44 227 -657
621 437 -897
63 666 380
152 510 -35
681 363 121
780 650 368
419 270 593
566 622 819
712 634 -504
142 805 -75
169 146 818
787 271 707
300 592 983
48 460 -590
671 104 -736
98 632 -77
455 212 -574
328 363 -456
580 690 -820
245 315 572
646 267 46
181 567 -966
586 53 -605
663 176 -456
233 306 617
635 416 -312
337 342 131
596 727 284
611 351 -344
365 228 -727
167 603 -413
547 270 746
610 504 200
145 378 117
348 174 816
366 464 -441
663 527 553
370 667 607
600 610 -886
508 251 -598
438 614 -904
287 818 -889
589 104 235
230 733 -316
170 456 813
451 121 -896
278 390 -438
95 540 786
681 210 200
764 80 740
446 62 -739
321 589 -312
181 420 185
584 134 -761
12 434 -531
524 204 -520
555 767 -599
386 439 107
204 637 372
799 349 991
292 658 234
620 269 630
761 742 531
458 342 180
205 239 -696
442 231 762
150 350 488
200 240 -458
647 522 -155
731 446 535
223 493 -28
147 118 893
117 804 -299
460 33 -955
633 727 771
771 231 -46
418 424 720
421 55 -388
23 384 -899
328 808 -129
742 43 943
139 32 -243
56 396 514
279 123 53
480 377 -77
313 532 787
760 31 45
724 722 557
646 73 326
39 369 -37
368 540 -12
413 295 -302
410 682 -605
38 222 -100
643 602 -313
381 815 -851
135 801 178
116 803 776
685 695 -859
16 539 -313
646 296 -798
440 541 -362
610 464 572
700 490 -515
302 24 -412
257 728 -16
579 384 479
26 379 223
515 448 -950
191 247 -400
473 40 17
636 565 821
543 703 365
253 368 983
708 609 -608
271 734 -138
514 191 793
400 579 -587
416 792 -23
196 415 -226
527 350 -249
36 669 170
454 304 -80
41 361 -754
318 253 417
224 173 -431
124 139 -528
432 753 -436
71 189 122
10 668 699
294 290 210
711 686 -685
424 301 -120
183 195 582
360 100 579
638 441 525
598 309 -480
399 361 -736
346 301 -208
295 55 -543
137 136 780
458 380 -316
456 387 -618
65 24 -750
669 341 -534
798 5 29
671 555 -609
646 447 -995
139 504 -25
293 463 -37
242 524 -326
227 718 -733
259 281 -221
64 92 -934
266 669 804
607 197 490
187 203 462
768 688 -559
191 502 -288
59 259 -487
159 122 -87
71 345 -227
445 630 -143
259 505 -836
599 161 -711
287 430 781
150 522 986
449 539 -525
237 153 -522
232 534 495
494 492 816
760 15 -425
249 342 -877
799 783 -985
417 505 -92
727 686 -626
409 691 -642
707 609 -409
692 479 -628
774 382 967
704 783 701
397 772 -915
477 797 795
700 581 414
146 696 -822
619 532 -335
329 469 369
502 678 -288
44 240 332
422 816 -548
27 378 -280
475 349 12
506 605 -661
165 751 -770
432 535 110
668 817 146
502 31 328
232 166 -525
764 622 437
534 475 -837
123 45 -543
445 566 838
776 601 893
340 275 -774
510 540 -562
621 611 -828
620 394 568
455 123 -258
88 472 581
470 408 -904
519 10 182
779 721 -446
337 103 -153
396 233 629
419 507 -757
513 241 713
790 782 -316
151 218 -73
312 564 -94
622 478 544
728 440 431
170 184 -362
815 812 666
486 116 -830
124 292 509
812 647 902
667 495 -276
590 713 587
182 42 839
383 366 -391
645 405 -505
444 156 127
265 780 434
680 698 115
444 714 385
78 310 872
31 726 811
273 418 536
745 446 -97
612 770 33
320 780 206
482 424 -843
357 166 -658
130 594 -41
681 438 517
821 530 -533
186 140 -979
150 506 -134
744 142 -4
272 323 -813
107 40 -208
213 277 166
476 503 852
391 775 -676
522 128 -951
718 697 430
451 796 974
338 420 -683
164 467 -539
689 261 757
373 456 -879
171 388 -246
321 243 787
357 81 702
327 117 -722
626 714 -973
447 74 614
555 742 -79
432 688 346
581 98 600
50 200 310
288 289 -970
462 533 -674
321 296 592
738 61 990
384 605 698
399 197 954
289 659 -949
711 809 -167
618 283 589
304 263 -431
71 570 -865
644 492 -702
139 93 79
448 542 783
109 218 364
819 60 810
34 326 188
438 635 -689
671 111 888
328 301 -365
89 27 -655
631 357 -262
476 43 196
57 298 -778
202 295 806
580 623 23
730 58 -384
347 85 613
160 491 269
51 185 505
489 638 -352
156 56 -878
749 93 398
599 660 357
499 189 847
756 146 -66
668 245 -710
669 408 303
707 331 137
86 69 763
396 473 615
264 667 66
29 232 -903
510 487 793
192 369 -196
265 212 -291
266 90 -263
423 135 -626
687 587 369
444 104 178
6 298 -183
242 560 -944
159 822 662
469 252 881
518 735 -739
646 608 265
429 607 856
521 759 -490
266 461 428
395 756 -828
589 418 -598
185 171 174
315 359 -975
817 607 -695
399 381 -499
212 266 -214
767 678 -866
180 504 938
388 219 -90
185 649 -956
87 372 -483
44 205 249
614 619 414
668 326 -998
120 327 199
230 84 38
231 384 86
531 493 405
339 388 529
725 202 0
333 515 -639
706 270 -377
543 765 -989
30 669 -420
103 401 523
441 562 972
518 455 143
673 289 483
621 289 862
34 290 447
256 262 -538
434 260 -102
765 545 -957
354 147 -44
635 168 379
296 345 -918
380 221 -304
155 178 -659
758 206 614
474 697 -609
47 454 -582
448 411 413
110 373 134
344 450 21
239 42 613
117 420 860
159 798 255
716 502 -344
423 793 146
191 345 -573
540 56 -182
716 821 -859
199 480 -594
535 19 879
538 795 -676
58 354 -556
797 419 -923
360 785 284
598 555 422
517 575 -486
677 544 450
217 766 -990
261 609 -192
162 46 -411
298 186 419
754 585 105
446 733 362
376 509 -814
365 633 128
799 478 54
200 565 11
334 787 -860
527 696 990
467 54 390
586 619 -947
80 240 177
457 60 -29
762 324 19
346 681 807
449 284 435
154 811 944
105 271 -975
738 70 575
400 521 -749
577 527 709
650 105 789
5 74 642
639 423 -507
7 807 -472
425 67 -275
566 142 600
723 132 -42
517 743 -26
757 377 -510
294 160 -201
418 670 -132
780 54 -637
365 820 -245
149 369 -120
677 115 -376
743 545 177
165 676 272
668 393 936
207 36 667
803 536 417
122 404 657
288 495 -911
569 411 -711
612 24 226
467 259 11
390 43 982
711 741 625
377 157 -823
481 89 -173
18 580 -162
569 438 -732
510 228 -31
316 203 -51
791 267 756
93 579 -67
815 529 -546
509 818 295
354 237 775
514 84 -673
97 529 672
334 144 -997
284 437 462
279 466 92
334 408 -864
658 669 -635
321 266 -523
793 245 68
368 694 421
211 773 188
718 326 -242
368 656 -861
474 656 91
625 251 -43
598 470 -232
443 387 -145
315 312 -892
344 36 961
151 144 -628
287 531 -254
711 384 201
690 567 843
624 172 -376
369 80 -722
465 22 -841
282 484 808
695 746 -728
124 791 -193
359 149 102
585 114 -749
57 562 997
653 255 -269
45 241 750
388 591 395
402 728 478
71 23 -480
159 60 973
350 387 319
46 239 -343
705 578 841
439 340 571
136 62 -53
783 612 317
536 612 407
305 135 -708
74 555 -212
151 344 -584
493 295 -516
17 556 105
488 186 -736
37 484 626
721 650 506
244 32 524
541 405 27
250 694 -815
219 55 744
555 348 552
424 196 786
420 568 -397
706 520 -703
740 241 22
655 715 -412
712 736 -390
679 305 334
430 218 222
205 91 -439
101 419 395
100 156 -671
563 508 -728
772 114 -57
756 471 680
208 364 -541
517 116 -68
166 185 727
579 367 -623
641 691 358
27 141 700
319 679 720
449 738 648
578 426 63
704 139 561
700 11 804
195 709 978
594 398 -352
104 681 126
443 250 742
56 437 255
427 262 -836
713 507 119
270 51 183
64 815 -187
123 633 220
351 310 -967
405 334 289
354 100 -825
83 60 -976
52 811 626
549 297 -969
444 354 -724
310 629 216
537 73 244
432 405 -904
291 676 641
294 48 -547
409 336 808
345 26 843
427 96 752
687 631 -701
62 341 -122
608 618 200
627 766 -57
528 9 -847
772 33 748
446 799 828
272 52 -193
652 793 969
249 501 855
507 390 -37
414 792 -379
442 219 -99
159 563 819
31 457 982
