1000 4975
708 701
752 453
91 315
828 746
165 817
186 93
960 813
939 387
170 921
101 334
263 179
445 158
547 124
12 830
752 655
269 851
970 279
364 471
743 774
412 647
5 195
297 734
173 247
136 978
984 282
659 532
143 985
420 155
93 619
576 977
526 979
760 355
707 700
715 741
764 429
452 761
177 59
107 268
561 589
754 983
771 847
424 835
538 78
777 961
60 145
45 78
410 509
506 508
713 252
220 948
686 931
628 540
610 35
358 3
577 231
958 420
644 847
264 176
84 273
410 985
213 558
469 345
270 305
168 176
907 945
128 282
937 532
352 601
96 654
188 681
190 669
100 837
902 165
53 651
864 297
735 931
5 803
933 111
409 439
462 683
11 874
798 642
819 124
603 443
515 634
146 37
681 726
847 863
331 438
721 161
152 942
137 363
546 931
712 860
341 454
613 915
399 624
236 658
293 616
27 53
560 784
704 853
262 200
302 843
231 38
379 185
575 283
783 427
201 23
805 686
627 335
718 193
77 199
333 744
201 757
909 301
679 639
103 104
177 689
712 463
489 359
879 438
391 429
222 590
61 766
522 880
893 119
205 243
29 789
911 491
70 57
752 32
328 690
40 124
940 796
461 330
908 744
304 561
636 658
158 865
341 463
895 167
788 867
971 517
329 66
441 307
993 878
888 794
8 671
561 34
901 230
232 823
468 521
129 692
378 753
911 35
786 95
180 749
754 30
439 242
773 168
776 217
596 442
425 576
870 554
936 935
800 207
234 429
950 495
731 730
93 448
644 557
719 107
576 491
9 522
834 588
541 632
781 448
528 599
438 302
968 794
235 454
933 931
146 23
165 265
414 672
376 124
616 694
728 475
391 77
670 919
151 622
927 634
76 842
947 656
474 645
914 934
864 586
684 971
186 682
995 432
406 193
502 30
543 95
266 137
503 121
451 568
87 382
492 801
607 393
535 124
370 696
918 913
831 773
406 271
831 111
144 454
211 527
233 368
358 738
657 278
48 4
608 137
555 89
792 437
938 700
189 880
704 668
906 389
85 591
893 701
584 567
657 757
107 744
911 611
476 777
593 376
939 915
351 534
178 422
228 89
981 517
29 920
639 692
342 449
234 694
642 115
792 219
770 369
679 265
610 455
663 51
683 842
557 23
333 525
706 489
785 30
251 594
233 35
178 347
198 640
804 507
308 64
453 558
899 703
413 775
556 209
849 345
5 32
384 347
562 744
120 900
656 50
910 349
839 212
328 856
927 507
903 488
214 337
900 933
667 111
27 409
134 928
488 585
529 291
714 347
755 653
493 862
41 357
684 375
831 191
993 713
989 959
978 85
462 804
145 199
643 576
285 481
522 505
848 898
602 116
101 729
390 121
472 591
231 529
969 421
75 332
737 372
41 7
425 301
188 799
203 217
840 470
621 132
489 367
968 629
518 400
934 756
848 219
990 842
354 707
445 163
634 871
799 611
449 32
786 161
163 85
304 619
550 932
293 511
995 547
349 872
542 41
728 997
785 162
234 696
879 838
572 408
319 120
493 744
694 668
120 315
704 30
834 415
136 507
411 29
654 75
584 334
520 407
753 956
536 316
848 67
41 963
445 748
464 247
523 477
831 932
854 489
503 245
437 856
940 922
346 199
896 950
852 846
262 791
976 850
757 440
958 966
485 894
320 411
562 182
490 68
20 371
70 804
833 349
732 202
329 579
217 240
916 619
635 547
519 243
5 911
852 617
598 518
965 769
897 248
994 874
8 589
469 588
278 146
113 818
418 879
81 841
120 860
838 778
840 629
177 769
549 339
201 746
755 578
274 358
220 51
439 986
832 260
480 681
742 332
762 973
686 898
401 126
822 25
309 294
238 702
518 331
555 629
542 567
320 402
41 479
178 29
604 654
857 149
422 881
347 67
387 315
815 817
373 206
853 153
854 281
750 933
895 73
951 892
897 45
254 681
474 30
331 726
461 539
850 7
673 826
390 537
407 661
907 84
651 933
170 379
717 286
947 890
826 409
968 594
648 921
891 997
760 307
855 605
779 715
64 815
526 19
737 359
486 1
235 617
324 369
222 500
697 615
899 552
992 134
657 179
166 887
82 703
277 614
800 931
637 47
777 507
714 804
275 365
364 367
3 869
702 501
831 516
704 878
924 380
752 315
751 583
114 51
202 954
683 943
557 116
261 439
425 518
687 815
299 934
808 308
383 805
81 501
632 471
1 21
275 816
40 790
458 13
377 560
775 82
409 455
372 509
318 220
764 975
46 634
712 701
583 31
783 50
399 339
911 548
53 273
751 878
776 660
40 165
773 445
721 375
399 988
923 250
355 89
202 417
177 353
628 310
621 430
693 946
28 827
752 104
93 624
277 249
261 239
593 661
956 431
80 480
541 728
11 629
28 525
377 14
124 647
913 207
911 336
822 448
680 559
218 626
846 512
956 676
719 850
560 356
891 502
871 909
123 307
782 589
984 218
186 84
272 246
753 856
807 48
803 775
317 292
520 756
135 296
319 223
88 724
396 194
267 703
398 95
456 482
366 613
2 946
739 490
684 416
815 863
29 982
784 224
676 982
180 147
146 658
862 484
992 3
592 205
278 85
814 139
468 461
449 792
138 894
138 651
303 642
876 653
473 325
358 922
729 367
570 160
133 500
248 760
173 146
723 961
713 696
379 456
169 567
903 470
607 10
555 589
828 402
246 789
890 948
797 648
506 232
145 302
233 328
485 615
70 921
108 179
275 943
440 291
759 53
208 207
329 717
916 560
546 251
140 246
287 353
975 629
934 7
719 532
48 756
303 92
833 547
878 789
365 499
220 941
721 717
646 209
460 124
31 446
646 692
135 393
998 179
649 561
978 638
322 915
866 256
428 736
572 394
772 196
579 283
264 617
962 576
483 50
377 78
140 939
841 511
261 498
324 802
606 354
590 72
42 873
520 132
488 736
816 368
48 202
690 930
32 57
35 842
289 307
390 697
681 618
682 286
719 541
6 408
482 89
445 67
49 922
284 199
639 629
531 19
399 123
261 442
175 697
611 931
226 82
300 890
541 852
505 153
947 46
919 368
911 220
808 787
68 172
590 623
167 651
662 509
293 945
529 950
343 853
49 580
691 53
621 950
210 23
306 109
87 421
932 454
856 894
313 37
994 661
222 738
482 810
39 274
484 599
838 514
983 32
716 784
399 612
91 607
20 879
845 63
352 989
157 740
204 739
80 460
78 843
100 74
40 48
466 835
729 895
25 689
586 842
401 30
600 35
902 674
597 1
286 121
786 830
801 809
772 545
383 129
78 875
391 141
613 330
464 191
924 285
319 880
785 991
127 731
990 689
37 63
811 660
167 959
757 481
872 623
635 162
298 626
800 989
907 787
348 260
673 281
713 250
694 948
988 36
236 961
457 948
350 622
11 844
99 682
522 678
524 134
926 957
483 21
766 700
900 564
885 18
742 257
686 406
615 340
467 370
163 73
226 912
936 693
486 394
615 421
598 808
802 734
160 4
911 484
414 665
499 426
476 403
161 959
900 874
722 301
226 326
873 340
992 842
547 810
604 476
144 221
287 22
606 61
686 1000
681 331
97 552
41 875
613 410
372 709
672 30
613 172
627 523
433 658
715 810
37 511
644 681
21 405
520 919
740 741
136 896
601 934
229 941
450 449
909 827
342 132
514 173
474 926
308 585
458 921
719 100
110 353
795 514
425 787
666 369
961 865
382 768
93 726
443 873
217 401
753 711
538 837
633 332
329 793
263 19
563 569
705 421
966 726
794 239
492 618
436 495
590 866
972 233
43 429
122 879
666 246
233 500
267 616
839 934
262 662
129 132
261 141
40 977
152 35
995 937
743 575
284 544
947 10
674 750
344 245
548 862
179 851
864 289
267 857
442 251
705 665
310 868
814 915
891 178
671 325
305 766
947 738
255 571
753 760
735 365
791 591
539 69
632 790
358 285
136 592
28 25
466 737
677 821
977 618
841 928
132 895
971 516
737 844
543 139
829 958
39 699
27 766
632 571
779 547
558 664
817 578
135 188
747 442
657 387
786 915
128 164
38 667
203 879
539 316
795 611
189 432
846 624
744 25
878 507
377 592
782 415
545 347
732 880
127 211
384 408
55 887
352 711
774 368
351 923
462 193
523 513
563 662
654 142
450 783
513 509
785 624
87 909
419 142
519 142
170 414
272 358
263 460
97 862
68 239
766 2
415 914
128 507
140 294
185 741
169 523
276 809
776 114
425 100
45 894
77 495
548 288
159 668
296 215
144 374
387 32
400 861
133 460
27 89
5 148
781 645
20 888
378 616
714 821
399 680
418 204
717 296
123 819
24 694
903 701
482 292
634 665
906 386
213 436
106 30
948 630
522 904
130 904
440 475
773 946
739 299
316 931
365 421
687 203
357 724
533 815
526 335
68 675
722 596
179 928
1 576
570 742
183 888
476 230
720 746
316 741
958 780
36 756
262 775
203 30
249 932
911 158
933 141
755 622
555 637
183 340
739 959
811 90
9 401
834 921
743 241
799 724
236 715
322 165
747 569
88 405
472 842
641 116
91 992
790 948
899 345
839 280
757 437
99 429
63 912
572 599
798 34
766 1000
822 371
824 14
255 726
58 809
166 77
369 855
489 159
649 568
798 504
102 37
87 158
821 943
825 420
328 567
497 853
313 197
492 79
745 880
938 693
343 248
500 672
283 647
183 443
214 7
53 760
418 111
457 325
458 22
430 455
776 207
813 363
742 339
75 784
778 933
834 57
913 669
533 87
917 898
455 711
628 203
903 691
425 880
721 339
338 467
478 367
253 239
677 2
698 844
659 339
721 613
901 292
228 72
928 985
798 948
139 34
688 612
832 101
346 31
248 113
203 954
476 244
786 168
648 82
960 799
81 855
704 905
890 141
563 980
361 857
396 405
713 685
984 3
366 735
38 840
281 454
350 3
614 385
154 394
173 197
600 335
776 42
395 512
400 985
619 119
879 466
419 935
217 455
333 458
846 780
561 754
465 674
384 616
641 857
251 699
881 714
175 368
347 210
757 642
866 980
756 875
264 735
577 978
100 442
797 460
428 625
902 485
947 854
748 400
416 361
364 631
697 822
916 987
665 618
99 815
780 172
64 954
526 549
564 408
730 599
766 137
381 245
537 237
994 525
591 669
482 345
27 37
62 979
910 962
858 225
180 16
181 142
608 150
828 382
307 922
465 256
527 42
216 292
434 423
659 98
471 853
673 4
592 890
582 478
731 975
793 66
382 778
117 748
547 653
673 258
747 842
768 245
255 775
143 674
181 539
38 543
62 310
135 420
306 850
737 544
627 19
293 194
991 511
918 949
213 542
464 880
451 114
690 556
855 490
995 159
755 210
805 946
592 738
97 655
574 316
117 580
117 447
154 427
104 111
376 172
284 77
372 521
177 143
586 803
401 612
769 841
366 124
15 705
919 421
447 948
405 576
227 109
797 478
907 841
858 611
472 527
967 89
570 645
917 639
679 880
749 289
267 943
262 145
264 368
127 455
467 331
938 955
522 526
113 617
883 518
700 208
918 27
521 149
45 538
62 989
763 269
502 211
319 740
677 975
523 806
259 147
838 540
406 158
790 412
925 241
3 836
204 967
392 836
742 676
370 76
178 963
747 683
659 774
420 504
290 981
627 497
459 419
496 892
222 210
188 514
670 997
33 711
602 935
344 29
397 436
127 437
933 194
113 804
635 454
593 549
60 204
957 818
898 886
283 53
581 870
877 794
839 615
272 700
885 567
536 206
97 979
222 639
371 291
868 35
165 977
962 591
883 7
799 245
23 402
969 844
958 880
752 17
438 578
992 149
277 251
995 160
354 296
541 244
108 946
469 516
900 92
200 186
277 433
352 163
536 841
926 236
824 783
679 957
897 55
565 946
627 986
232 872
776 10
723 206
595 645
338 647
67 489
984 173
360 818
949 971
164 834
938 738
117 942
43 967
541 92
49 331
677 992
395 232
753 158
364 198
183 642
838 283
352 849
5 790
683 698
420 796
261 346
523 187
852 211
319 84
160 931
175 677
752 103
655 599
364 341
231 350
655 2
136 449
541 681
446 738
673 470
950 681
342 14
986 887
571 426
326 738
590 352
314 689
298 432
760 481
799 600
117 172
186 435
779 44
174 744
670 685
451 933
177 658
134 842
736 789
455 17
790 909
661 507
529 553
739 394
445 693
864 978
191 332
249 717
395 602
897 871
617 208
59 909
41 230
882 76
728 669
749 99
515 906
492 204
841 559
993 388
385 623
828 821
904 126
614 185
671 761
85 837
449 348
287 254
468 624
716 310
401 36
754 394
864 513
24 990
515 545
23 784
148 563
544 655
544 52
447 996
399 608
305 576
569 633
380 291
58 776
610 205
772 204
205 125
133 187
392 913
686 500
525 511
467 212
803 26
123 694
306 106
636 622
122 29
672 239
521 591
97 282
870 191
604 463
589 168
679 369
864 70
574 827
846 873
888 768
150 511
875 171
876 567
177 307
765 914
624 778
860 605
644 676
460 115
835 683
945 822
938 822
140 528
550 570
735 480
819 266
441 247
422 51
992 945
993 619
887 116
409 593
40 736
148 234
649 6
180 193
553 617
988 739
497 67
650 84
248 823
600 438
467 74
656 589
795 235
98 327
788 173
714 921
793 766
150 77
98 959
797 585
945 609
103 434
711 153
248 25
858 750
254 767
384 74
93 760
938 250
960 862
596 431
65 894
227 987
70 946
344 605
200 695
771 365
650 138
999 862
177 817
963 159
105 171
563 871
342 678
273 794
29 325
720 376
441 438
104 715
60 83
704 380
958 475
543 296
760 279
126 854
70 92
914 37
201 470
442 866
488 748
110 437
998 534
987 380
808 4
607 412
829 540
773 895
632 125
5 645
868 435
834 946
796 637
11 799
964 68
725 484
968 865
537 768
330 475
739 787
408 844
723 96
377 334
33 371
581 733
917 731
824 574
769 950
990 672
600 1000
186 311
424 214
78 818
178 912
514 854
218 68
740 578
535 588
496 51
557 42
400 499
596 251
318 443
670 172
670 609
233 706
187 843
461 455
311 541
152 36
95 672
746 827
29 173
251 574
351 51
359 252
416 30
398 983
55 199
545 489
612 477
939 202
542 706
564 212
300 315
288 54
627 355
468 159
896 82
164 763
45 485
511 219
316 356
295 171
134 763
708 258
709 668
584 453
430 520
144 519
725 85
802 30
565 734
719 797
406 426
374 109
79 948
870 42
122 547
581 941
155 291
450 727
126 700
417 296
902 866
845 733
988 759
972 368
538 880
723 586
963 69
189 122
9 57
597 664
341 697
748 340
72 781
343 31
40 113
733 915
681 194
93 905
681 872
681 95
39 920
150 741
103 572
9 906
410 647
782 832
5 650
292 500
576 738
170 772
577 386
225 789
814 337
140 540
321 470
764 894
710 909
148 552
864 7
39 100
133 532
828 564
392 658
835 221
249 930
802 664
450 101
692 740
289 161
908 217
293 862
534 953
811 913
570 921
488 784
373 939
964 177
180 704
824 153
127 219
897 232
169 987
607 536
75 699
772 578
812 509
776 742
409 963
909 491
255 492
911 621
453 266
271 279
184 167
900 847
705 334
962 884
959 922
545 271
474 663
911 360
879 818
110 558
753 634
274 949
126 230
776 926
8 890
795 822
747 827
446 698
151 634
566 667
950 76
184 80
455 312
383 943
791 802
497 63
43 288
381 938
100 236
524 305
965 385
20 17
676 756
651 594
607 74
927 199
452 429
848 555
482 873
601 818
58 6
396 185
566 933
146 698
200 809
592 219
404 668
521 414
893 208
351 66
995 701
9 370
542 137
343 921
622 843
76 705
311 191
884 739
344 734
833 986
81 861
388 367
482 30
541 874
140 806
748 869
785 312
309 906
782 237
735 121
853 26
811 82
621 443
170 675
355 698
961 212
724 624
283 448
563 895
585 576
178 150
566 472
271 244
93 442
679 614
274 846
222 215
287 534
975 490
557 763
135 708
320 390
65 264
581 111
229 602
503 730
144 990
174 645
944 21
361 583
662 703
130 452
518 750
978 512
581 421
391 513
917 185
788 769
73 297
547 18
602 711
971 977
962 162
971 393
786 821
485 334
221 167
439 547
483 718
570 594
64 979
493 803
249 806
214 784
107 253
531 952
876 850
860 692
972 657
844 734
204 996
631 806
687 709
136 741
262 528
49 644
6 16
286 699
196 394
566 25
333 367
400 42
643 246
493 259
369 317
520 640
280 933
766 33
523 701
391 484
321 746
620 507
752 890
399 420
788 242
39 8
384 728
290 220
679 895
333 255
304 421
218 609
839 635
373 475
58 867
710 25
241 84
205 539
918 947
580 940
240 702
415 894
36 830
680 175
202 735
109 568
702 609
96 800
759 624
650 388
635 245
468 95
304 638
175 341
213 898
945 226
969 681
779 248
93 172
131 915
49 653
354 143
483 757
814 645
708 639
144 906
785 146
783 699
164 967
880 784
643 12
184 306
239 162
832 536
762 284
800 711
23 359
584 382
786 435
695 239
842 609
972 394
276 15
442 198
387 4
279 18
337 111
65 354
963 207
565 655
602 699
486 656
962 370
110 755
403 420
807 909
721 574
831 689
945 819
321 70
72 543
228 162
401 223
659 439
730 815
662 609
681 168
811 717
663 676
46 354
891 430
581 550
112 909
142 199
128 690
550 661
434 895
366 955
572 738
132 791
24 440
80 53
498 796
761 116
561 119
129 63
319 798
584 208
530 587
929 609
473 861
755 594
77 141
939 133
633 50
263 568
708 378
796 700
502 208
196 923
965 19
859 560
949 774
227 793
74 507
241 889
182 740
183 784
97 867
885 647
192 701
269 340
762 505
249 119
781 246
306 611
232 181
917 534
467 718
602 698
460 851
9 810
321 968
267 148
710 760
16 463
397 435
553 850
554 246
807 744
189 390
61 433
321 310
376 914
177 359
231 556
808 277
562 43
772 208
24 633
721 309
723 514
134 87
283 421
502 299
695 560
993 271
377 299
954 367
510 588
955 26
573 455
97 502
390 299
854 689
321 675
503 695
342 389
808 606
536 56
441 948
274 151
304 428
998 901
530 247
324 519
290 659
571 126
858 568
611 480
135 967
602 168
711 69
416 229
277 657
537 802
24 576
1000 18
570 500
673 920
964 137
570 801
360 382
716 487
681 3
315 637
810 629
4 955
579 466
924 244
377 846
999 863
999 490
684 528
21 444
633 353
573 561
200 467
838 147
978 35
634 404
318 405
29 393
452 921
503 880
569 441
290 225
218 959
774 252
661 836
222 394
648 125
23 367
794 689
156 90
634 263
264 358
925 4
456 724
545 736
217 266
328 771
772 198
77 707
233 837
756 362
687 949
190 631
156 675
379 229
782 923
841 509
272 569
344 760
917 363
645 22
683 239
958 914
723 52
373 717
152 162
121 394
468 823
550 157
401 583
384 206
186 643
828 822
43 733
779 512
715 504
907 26
526 271
530 540
238 190
627 463
680 91
968 490
792 660
261 100
691 353
339 230
766 846
765 734
566 348
113 638
632 913
135 767
392 551
581 150
217 1
31 913
306 961
971 208
142 171
683 273
96 405
556 622
406 525
970 404
688 574
907 130
301 239
375 360
505 556
786 538
358 626
897 1000
695 853
240 181
607 727
497 588
723 704
336 718
722 789
445 943
616 741
671 385
502 953
189 792
679 449
661 854
573 692
123 629
153 313
232 841
429 17
341 223
344 599
201 242
673 710
311 422
720 56
811 972
649 460
227 367
390 201
679 107
70 556
268 475
16 260
38 224
173 901
227 764
319 66
714 246
951 824
290 324
553 76
916 496
807 816
243 105
188 241
826 417
320 372
449 301
675 52
731 614
109 507
381 630
702 643
298 334
96 325
353 935
649 754
800 915
191 672
430 360
964 555
120 419
804 669
213 462
255 934
914 662
311 447
442 698
120 549
635 204
527 726
600 271
708 528
748 613
233 893
397 743
692 18
679 732
461 258
295 125
705 830
409 919
67 856
536 985
188 428
841 948
553 738
825 389
94 258
574 19
792 634
988 422
499 889
338 513
450 25
983 417
604 77
425 126
558 256
759 787
276 532
173 648
534 980
177 234
808 284
182 325
786 4
990 444
169 816
910 490
524 80
46 500
999 438
614 107
829 721
716 629
744 617
384 315
379 521
261 166
407 331
543 197
726 111
891 595
965 824
584 916
677 441
970 78
787 652
366 53
621 466
372 176
262 207
838 819
140 98
674 637
198 658
344 957
753 549
954 672
832 914
25 652
412 822
686 859
528 507
503 21
927 663
839 234
562 104
272 313
505 478
510 528
130 187
211 42
958 550
189 294
542 136
154 750
356 297
786 569
533 6
213 987
610 532
295 921
258 279
613 244
280 312
635 75
174 565
449 647
28 909
450 248
489 247
81 975
218 327
825 553
542 642
592 817
39 110
794 187
632 903
742 388
281 658
528 355
712 512
107 470
870 253
644 76
59 862
118 444
544 675
801 943
981 850
563 875
267 358
626 35
780 68
38 326
166 395
313 837
465 244
798 54
676 325
747 730
714 718
786 179
343 143
732 106
455 619
349 763
791 440
937 401
463 789
415 946
453 70
236 346
282 50
38 415
518 64
938 921
336 860
705 946
492 211
320 747
707 985
545 580
739 307
964 504
468 389
343 635
949 76
101 481
112 423
58 50
757 57
794 750
924 798
331 326
690 527
553 294
972 480
469 797
503 92
606 822
22 850
681 460
227 253
725 358
190 516
781 223
178 116
17 367
329 685
1 152
459 990
573 947
189 766
462 121
493 915
48 157
304 546
686 568
343 899
218 52
106 803
336 851
317 21
650 195
523 339
716 622
174 107
679 772
268 212
70 775
788 280
220 253
457 149
365 92
259 513
276 929
924 518
389 601
581 212
867 105
97 717
235 280
1 701
273 176
525 139
459 34
295 578
81 345
405 14
466 183
62 33
58 938
655 601
657 74
657 968
203 125
739 159
204 735
333 423
301 905
502 412
451 666
488 400
392 42
233 408
456 740
575 421
221 790
94 225
267 980
557 13
150 429
902 742
317 521
657 734
290 32
220 289
737 813
81 538
188 794
887 920
377 617
855 477
823 176
390 791
763 23
811 464
558 914
261 370
634 252
407 930
745 23
67 744
998 788
59 570
964 652
548 121
586 820
364 426
826 176
556 412
644 191
684 78
338 352
451 36
1000 696
628 1000
233 129
452 744
932 367
677 331
311 712
374 41
704 454
743 709
161 212
323 605
267 248
341 337
469 268
333 267
515 394
720 999
592 940
760 653
494 380
336 976
118 109
135 449
156 157
545 941
25 111
141 26
310 53
984 295
113 419
756 265
349 973
483 784
834 24
767 651
788 12
864 437
361 692
558 300
793 434
170 368
688 168
606 704
791 437
670 888
965 345
605 844
581 314
553 894
985 444
167 214
878 89
190 141
923 893
249 266
839 276
432 176
548 787
473 415
38 266
313 326
21 637
813 912
831 497
335 380
106 532
286 485
1000 551
805 124
492 348
493 362
845 149
899 334
77 107
886 478
26 696
904 771
686 138
319 818
781 195
747 360
639 275
235 73
397 348
221 555
992 113
802 159
703 920
493 32
565 935
965 322
72 15
634 996
127 619
590 266
549 841
18 25
667 302
132 266
812 845
962 843
544 19
157 291
598 655
838 768
780 914
841 955
792 977
976 948
888 363
524 905
174 246
910 971
177 709
731 265
234 843
255 615
418 342
24 806
442 182
427 694
317 843
374 260
817 888
106 942
178 19
270 14
911 526
610 236
937 371
838 353
702 13
978 746
868 285
392 814
743 302
193 630
550 365
621 760
581 553
968 481
145 160
515 500
16 631
403 536
799 660
27 132
45 285
649 351
356 728
929 394
752 760
474 940
457 717
439 126
369 986
962 626
213 503
515 776
94 849
650 439
834 696
156 25
377 41
731 395
911 598
373 912
329 142
58 596
917 448
928 822
441 946
757 257
540 951
958 386
580 689
526 315
43 728
876 196
651 623
537 738
256 862
887 989
188 281
211 362
832 535
524 808
211 31
530 579
73 2
400 830
758 900
829 597
702 221
407 419
579 146
125 153
234 957
596 432
104 555
582 568
497 421
78 302
249 19
646 461
798 707
267 63
840 331
859 837
65 440
163 648
666 933
305 244
461 264
391 605
360 165
995 968
383 137
132 821
613 459
978 367
5 881
335 30
338 206
598 656
858 482
31 332
588 740
754 489
845 371
131 208
77 713
833 800
264 613
317 229
510 752
66 551
639 875
72 258
1 748
169 657
526 801
399 589
503 320
251 171
587 974
751 750
590 770
350 205
242 490
228 28
391 448
949 818
12 448
399 127
113 980
114 560
406 338
460 977
228 854
100 611
302 291
688 597
5 300
947 481
568 437
578 856
290 538
628 151
828 420
718 725
5 560
612 10
579 727
375 950
546 158
910 935
897 209
986 767
329 669
400 699
732 36
598 165
166 461
494 974
409 328
797 271
84 78
304 167
730 850
270 892
676 967
98 718
735 873
961 370
114 728
793 408
261 519
867 741
27 243
797 416
126 970
762 161
384 697
982 297
782 698
58 720
917 76
901 567
205 490
829 269
995 910
315 861
410 654
820 697
250 532
786 155
882 462
77 176
556 728
151 3
710 111
663 589
27 50
439 690
393 260
547 285
608 797
146 52
646 675
224 481
719 59
166 905
796 843
798 430
235 810
910 601
287 336
949 253
667 803
411 57
457 125
679 702
947 57
866 899
832 426
727 555
192 777
9 837
708 447
228 864
637 212
415 444
272 976
148 150
277 640
204 928
760 314
819 696
64 521
895 854
633 44
536 812
995 209
648 507
353 363
5 801
264 538
63 874
907 496
274 226
287 456
452 403
570 599
365 185
35 141
560 919
110 78
671 504
833 820
803 125
1 957
201 920
694 894
20 881
330 252
424 292
613 414
384 845
524 331
916 756
870 7
569 919
897 134
639 612
747 799
387 810
480 260
881 990
993 145
735 748
752 25
274 164
150 936
135 810
686 846
46 564
964 95
893 111
413 314
108 694
129 353
910 944
274 224
330 478
663 959
462 676
9 552
29 330
413 565
984 623
896 940
307 856
969 253
93 354
40 114
846 206
22 363
582 846
943 367
557 812
505 394
175 699
508 484
695 48
200 450
200 919
256 340
202 615
261 935
318 637
999 211
506 107
732 874
290 2
74 207
819 325
520 69
518 437
958 230
445 476
799 328
537 4
398 516
901 14
557 209
597 970
708 939
600 844
947 704
779 372
947 561
971 691
916 589
494 124
918 738
540 881
445 243
776 310
64 269
946 69
783 159
788 669
737 840
293 431
204 433
182 34
79 626
298 954
354 79
464 531
581 930
840 922
603 662
358 942
450 990
446 850
697 894
992 431
789 741
496 585
408 806
722 581
903 77
542 791
612 183
600 367
265 599
284 81
62 921
549 975
164 235
823 794
537 783
898 591
350 434
858 444
744 495
272 392
816 928
107 171
682 435
666 506
324 432
743 471
666 137
743 935
536 79
136 30
926 735
411 459
234 247
72 813
127 510
695 461
621 761
537 412
21 51
866 935
546 727
759 702
170 894
616 269
845 742
583 620
196 754
621 4
287 197
925 627
718 539
498 860
976 933
779 693
70 701
764 922
688 588
747 23
858 12
715 615
717 887
883 781
439 618
904 300
762 608
762 29
254 94
391 647
178 575
841 989
676 599
73 427
487 594
564 850
538 935
904 187
743 863
815 741
373 237
484 491
590 197
445 152
514 806
344 797
492 32
292 69
846 247
333 867
43 412
632 715
528 513
1 69
641 951
733 36
910 623
275 778
126 358
791 210
870 873
870 434
525 589
112 182
492 684
769 622
766 744
846 187
976 438
479 291
707 668
919 34
528 121
766 996
604 268
98 386
646 294
897 852
91 731
148 813
829 178
995 694
972 953
998 28
708 207
545 763
505 906
144 631
422 880
290 183
571 42
114 463
747 614
386 25
151 283
519 626
925 313
747 102
670 912
949 814
732 31
572 478
22 44
995 961
320 199
376 36
216 878
725 495
785 470
641 73
881 407
829 331
902 112
887 153
544 289
701 630
102 73
301 631
88 669
838 392
659 998
170 344
161 794
364 954
218 861
257 14
850 669
377 521
855 636
524 703
897 819
229 672
801 295
586 448
677 348
364 636
555 930
40 626
442 783
59 683
715 137
522 941
300 507
998 230
395 265
293 846
994 630
683 980
867 179
226 25
561 218
600 331
29 143
178 587
110 613
897 217
808 750
255 390
720 10
483 759
909 913
994 736
338 901
190 994
725 162
674 10
379 368
72 328
950 936
383 34
662 230
167 572
496 654
614 239
559 47
282 57
449 354
708 637
579 21
966 394
966 552
453 48
38 651
590 313
637 899
520 981
182 553
923 243
139 280
117 139
97 280
927 344
103 511
573 57
90 487
382 548
381 548
319 713
39 482
683 973
319 44
373 628
318 47
670 256
284 459
674 402
287 78
659 241
880 14
41 157
993 616
891 671
766 466
949 376
308 368
276 977
972 565
348 223
756 697
277 85
888 647
723 509
227 96
277 529
48 712
674 116
936 836
917 618
839 594
58 592
278 395
496 613
58 923
136 432
635 476
321 289
258 32
986 53
730 742
891 391
222 52
885 215
639 229
192 536
621 149
104 777
968 285
179 980
571 360
231 799
424 26
649 12
388 32
541 230
651 935
961 664
746 363
530 377
306 623
573 96
530 484
518 803
188 194
907 689
542 31
67 787
399 291
393 479
825 667
571 54
864 609
442 792
385 696
315 827
579 22
635 469
671 243
486 609
117 923
344 623
988 296
289 250
764 899
712 111
98 674
579 167
548 32
784 658
801 532
729 33
489 314
690 824
678 809
110 298
974 789
60 624
557 281
613 844
424 28
562 283
120 506
375 834
449 15
181 206
217 462
327 42
253 25
710 945
620 623
596 529
523 426
891 983
981 404
872 368
56 209
464 781
917 55
719 895
425 951
333 870
858 119
728 312
529 313
303 50
144 430
592 487
938 162
739 408
150 244
876 187
482 147
320 58
799 429
360 385
716 377
508 919
659 593
399 330
94 1000
963 499
866 448
494 385
274 369
743 778
201 471
33 619
855 291
707 419
479 365
646 519
459 823
903 236
262 252
814 825
376 368
415 982
317 901
952 856
799 970
184 887
424 342
811 24
975 179
795 226
409 150
61 862
467 341
103 84
748 834
103 942
677 202
952 402
165 625
796 974
232 668
833 814
831 495
100 717
11 855
286 778
784 85
568 279
860 301
825 245
771 410
350 185
761 171
292 269
730 435
157 999
277 578
90 631
434 549
951 669
310 933
949 461
723 866
958 394
834 803
550 389
368 30
304 57
965 316
732 89
231 294
91 765
275 648
871 334
710 970
189 666
679 611
157 372
984 176
305 30
659 750
826 446
918 40
246 796
227 817
174 855
504 427
793 892
577 347
949 889
127 157
611 269
222 756
975 478
465 926
616 618
925 224
414 426
91 299
678 941
130 591
883 311
848 499
60 396
739 356
886 768
815 268
770 903
784 933
485 837
541 881
436 533
364 26
20 257
516 167
964 116
138 443
322 121
838 251
767 35
399 837
457 281
882 97
241 111
666 591
995 247
995 322
937 627
562 867
393 258
591 943
220 642
1 909
100 402
136 210
502 426
503 344
877 736
56 713
695 123
163 546
238 106
754 707
828 94
3 973
460 890
779 457
174 56
384 564
910 59
641 549
180 423
932 236
399 71
188 295
687 378
174 208
216 499
305 467
965 761
128 116
438 703
274 773
648 501
353 337
649 924
687 491
799 662
673 467
64 820
731 158
169 967
949 576
296 47
924 370
762 235
829 38
742 489
338 750
598 23
999 847
586 432
964 152
805 146
716 102
2 193
258 119
518 692
236 244
371 652
966 172
399 227
216 587
180 625
127 572
717 193
169 955
179 948
96 774
286 88
697 438
174 761
793 410
747 28
584 650
569 647
289 370
678 185
241 470
22 957
758 956
582 691
87 115
287 6
586 702
236 481
329 193
366 517
972 96
287 587
667 620
523 630
410 2
46 347
925 865
412 495
68 844
659 812
389 568
434 875
308 296
882 168
755 914
460 872
687 876
468 950
434 194
416 857
697 696
241 638
934 576
556 243
349 619
284 669
10 155
687 826
400 675
798 724
582 539
472 875
130 817
274 682
679 916
350 449
816 367
979 637
231 326
710 810
785 62
472 794
280 26
255 76
573 482
343 162
345 208
333 979
82 63
422 167
999 893
636 665
47 334
15 913
970 69
194 105
383 488
442 410
584 613
445 106
220 559
359 115
929 435
388 171
474 145
807 411
420 501
459 207
284 967
351 768
184 388
620 335
286 111
587 30
246 84
626 47
790 940
302 689
557 208
498 954
762 607
373 870
279 974
963 137
603 971
211 867
896 932
895 212
604 730
474 70
29 516
848 327
135 865
779 800
117 116
9 347
323 800
74 819
254 200
951 162
717 934
306 682
336 864
740 281
117 229
743 134
49 954
139 463
902 398
950 126
290 880
94 154
902 593
369 905
371 989
833 26
138 70
249 774
952 851
985 199
254 759
753 216
227 857
40 210
628 243
350 894
670 335
649 952
544 285
852 481
568 185
900 19
695 778
516 168
331 31
976 771
665 851
540 841
100 471
562 913
746 92
835 978
505 220
381 99
401 22
383 414
496 332
663 56
354 538
833 98
253 421
584 130
68 115
659 359
128 627
721 823
489 512
848 92
646 163
683 578
725 37
283 549
657 634
969 755
381 325
698 121
184 52
864 865
611 232
760 818
427 37
445 794
546 242
785 33
190 664
751 252
97 137
114 809
79 777
723 480
815 787
70 105
670 114
257 119
349 59
480 664
845 909
679 858
352 437
720 77
777 693
572 32
83 516
599 738
203 376
620 703
71 931
252 609
329 188
607 835
581 211
758 447
831 479
43 225
592 161
824 768
579 982
988 475
416 724
272 297
953 325
154 313
610 254
240 637
648 842
333 475
795 80
707 210
49 662
298 79
892 672
497 35
987 447
796 291
218 851
679 183
775 674
573 91
383 161
451 193
373 245
122 890
266 359
838 604
272 2
701 332
593 707
695 98
562 95
998 236
590 557
855 152
582 944
587 429
716 949
610 733
718 618
807 672
557 952
819 491
777 527
80 553
220 23
562 406
250 137
633 841
589 711
38 536
80 696
796 345
407 935
614 920
28 869
892 242
88 624
824 477
749 801
335 699
679 763
829 852
663 669
901 242
23 119
614 245
562 954
854 836
799 77
621 93
306 137
548 664
254 339
436 463
58 550
720 237
993 953
794 335
635 592
876 242
211 124
480 834
748 301
582 15
783 734
971 444
383 207
241 532
610 25
95 219
799 589
320 618
941 968
962 552
374 587
833 105
61 859
126 248
474 633
238 459
934 804
313 862
226 860
777 84
27 527
288 285
909 933
952 206
127 662
807 501
295 17
226 975
523 242
375 696
816 115
198 297
136 944
474 212
208 726
186 576
333 303
83 146
634 905
11 96
892 34
103 901
973 32
951 922
716 368
93 398
38 844
203 338
59 892
886 512
61 80
834 570
961 162
942 124
393 800
527 887
713 495
145 894
160 996
720 2
719 641
613 142
372 167
104 914
746 353
195 509
127 872
489 728
58 36
988 678
58 953
129 345
39 180
39 782
272 120
649 558
706 92
942 421
526 243
128 221
503 861
803 52
236 243
320 2
847 756
386 694
201 981
758 221
189 35
174 713
581 887
50 363
855 167
659 725
270 235
732 92
736 744
791 241
832 974
456 266
215 559
644 142
514 150
733 2
733 973
352 841
333 522
797 997
29 966
429 481
657 1000
968 802
253 296
471 337
417 286
130 469
129 407
773 914
545 461
333 336
276 347
586 334
716 56
639 599
785 151
108 413
752 405
109 651
203 940
510 824
223 874
732 302
849 302
122 380
278 633
27 129
135 416
598 216
684 240
123 312
657 349
531 273
456 981
41 32
793 813
313 768
645 767
406 295
372 499
157 281
177 763
417 513
336 330
661 153
573 7
577 4
22 440
390 444
526 121
333 614
482 693
797 755
122 483
337 119
87 931
373 663
255 13
101 549
467 21
692 237
911 781
364 609
109 696
350 215
761 454
99 171
840 74
304 769
998 724
603 874
323 905
855 736
81 820
382 809
733 942
535 827
437 332
807 637
951 525
449 576
427 426
384 776
341 629
161 215
646 751
143 414
887 139
422 789
921 551
757 414
805 358
522 821
725 266
835 115
453 876
284 64
893 878
760 52
434 555
770 433
132 630
468 804
829 231
795 443
897 821
925 158
746 16
49 192
346 821
828 118
823 948
298 215
93 44
93 663
225 92
406 326
888 193
563 321
585 665
917 245
417 674
181 615
457 366
202 356
558 630
166 326
575 750
64 152
134 415
926 54
765 118
158 92
34 429
364 196
879 636
934 652
646 506
305 734
613 893
936 37
122 229
28 37
546 560
947 777
712 205
96 95
70 454
290 319
553 85
573 565
518 789
526 552
670 74
691 195
584 263
676 162
469 326
698 475
606 128
554 252
918 446
886 756
443 26
887 991
598 662
801 26
812 460
869 241
294 642
574 500
427 408
175 133
868 448
397 704
882 301
540 316
919 912
222 940
926 802
907 749
109 380
499 297
55 634
646 758
403 704
43 18
228 961
707 59
128 858
792 894
215 985
378 725
770 668
128 207
436 440
610 392
521 872
349 543
560 701
760 591
941 315
673 104
213 287
106 187
802 332
508 763
604 576
805 438
516 32
884 326
757 909
632 212
501 985
464 267
814 554
303 258
579 124
1 625
861 291
769 942
370 954
442 543
169 317
666 835
942 943
688 570
319 867
33 637
657 16
418 202
914 52
625 484
769 991
937 365
556 948
577 345
597 219
613 355
946 856
357 172
604 99
825 634
173 14
515 466
274 294
901 565
350 69
903 107
522 317
229 482
305 466
641 597
35 159
926 934
917 187
166 363
175 387
903 301
834 980
192 391
891 720
178 528
231 798
144 282
436 819
553 63
518 209
189 43
833 276
282 207
980 26
945 72
249 587
965 842
396 640
553 802
327 699
664 69
973 197
364 525
354 970
802 539
541 549
762 222
563 300
303 105
503 780
287 227
551 605
36 33
516 491
556 245
277 313
480 288
483 214
229 491
263 856
505 787
694 111
550 574
365 625
60 537
846 527
958 69
869 219
816 985
249 739
431 912
463 142
876 3
123 155
182 692
236 943
984 208
917 378
810 625
648 823
758 123
558 388
134 193
563 388
638 875
588 388
678 983
73 849
954 241
802 700
59 893
595 564
464 35
504 532
999 355
267 658
859 251
145 711
374 239
261 973
799 527
192 945
304 731
329 539
712 50
782 565
100 553
864 296
666 18
336 486
991 444
45 55
330 990
925 968
586 472
603 440
287 14
749 847
569 167
917 985
517 51
573 940
831 717
557 818
390 952
542 863
714 252
687 301
161 955
41 997
721 684
369 613
872 513
407 875
903 433
672 728
158 567
451 158
580 366
841 609
695 163
309 356
573 621
211 78
828 475
6 273
190 114
396 29
798 781
474 131
378 943
277 693
307 818
803 921
885 67
92 171
921 589
76 713
593 317
558 626
389 365
427 509
673 946
232 158
621 924
253 642
434 617
53 331
310 444
93 92
790 894
60 569
831 714
101 489
140 142
503 874
103 3
839 780
498 795
453 999
311 744
388 334
904 30
261 52
493 881
988 131
91 379
853 913
37 363
500 640
290 708
479 71
292 637
314 856
42 421
426 894
975 728
797 968
597 96
562 2
752 952
673 13
742 774
46 361
622 653
918 429
323 450
700 861
74 980
984 280
39 336
705 668
318 819
196 153
425 865
945 736
729 700
877 555
624 17
514 80
2 307
739 726
158 215
169 3
135 56
304 994
780 179
780 760
766 587
897 170
217 736
808 103
384 478
22 161
278 490
157 516
646 424
783 76
600 574
151 778
293 779
879 340
754 421
754 878
41 22
274 65
464 342
136 947
11 769
780 913
730 740
747 590
514 591
416 734
290 389
164 340
699 380
826 620
476 51
439 185
202 564
557 193
392 952
410 698
854 54
303 867
135 302
220 629
918 260
277 388
573 951
577 390
460 830
816 271
924 32
659 992
428 983
403 10
702 803
219 669
897 745
311 766
754 790
150 109
225 922
975 912
6 14
603 742
730 482
307 920
533 548
745 75
21 280
343 203
667 812
542 690
651 44
925 571
178 599
858 472
323 386
740 724
93 585
976 867
646 298
117 610
320 396
101 78
469 6
655 605
927 984
289 553
604 672
415 256
442 915
459 979
828 883
188 56
923 183
762 192
752 841
45 298
226 173
314 642
205 294
72 599
5 815
688 277
834 300
43 479
360 230
782 617
968 997
218 204
695 626
58 836
517 894
493 641
619 149
852 824
523 872
102 769
263 849
195 692
984 794
453 845
80 754
328 862
113 728
937 94
334 481
8 604
577 554
635 226
261 828
964 203
530 266
859 576
104 535
148 355
169 162
80 909
225 827
248 869
373 973
777 78
719 677
324 569
200 487
660 616
735 212
846 930
23 312
166 572
907 39
286 623
753 362
91 847
510 9
518 713
3 734
704 625
483 594
430 405
306 95
492 668
496 264
845 224
221 219
313 426
497 389
958 961
48 297
535 25
318 181
945 7
180 321
713 905
754 844
91 621
240 353
250 208
558 437
924 576
816 889
845 800
644 559
659 277
401 517
418 445
95 933
510 783
581 980
739 22
2 176
74 622
63 974
398 78
891 947
965 915
606 787
96 701
20 614
311 366
130 226
224 137
495 115
794 13
425 979
707 740
961 161
136 943
986 340
605 935
434 99
575 370
478 948
571 653
131 724
776 671
620 696
300 197
563 2
801 326
267 987
344 844
138 554
971 146
937 691
135 928
132 926
495 337
522 95
941 76
934 874
377 798
411 123
9 941
177 938
364 620
309 212
523 474
203 509
276 413
295 137
133 410
389 85
300 491
157 803
670 691
947 385
90 765
839 631
588 291
220 197
864 150
148 87
402 734
422 487
205 408
192 430
999 934
769 442
819 763
986 543
274 755
971 356
791 954
556 656
900 832
445 378
377 745
449 52
838 558
180 794
584 834
716 78
383 466
132 901
835 372
633 979
688 162
545 645
515 185
786 28
805 859
883 663
520 432
421 578
795 790
457 161
562 567
465 37
907 74
1 619
506 827
584 354
415 553
825 709
290 757
644 452
874 171
220 886
773 248
316 629
998 685
196 920
395 248
217 565
803 849
953 694
436 142
240 263
938 645
872 768
454 843
762 506
393 930
27 12
659 772
767 698
127 113
735 187
917 452
993 371
274 497
787 789
318 595
769 438
274 808
466 862
543 800
450 36
338 300
110 924
271 54
456 216
710 308
455 975
648 567
226 543
831 46
763 629
497 171
63 159
503 404
308 614
592 591
38 886
312 609
169 997
470 636
527 638
355 851
896 111
971 741
885 674
563 269
276 129
918 560
351 977
464 97
708 853
49 675
674 985
308 335
534 512
791 626
658 652
132 29
1000 297
67 6
710 570
688 741
11 619
19 250
5 962
733 330
400 930
36 475
112 412
709 19
189 386
104 182
838 314
608 668
401 370
55 164
607 454
457 763
811 996
573 797
832 367
190 483
446 386
102 735
911 124
456 488
537 974
782 432
811 885
795 991
904 827
456 980
228 129
393 359
582 275
853 973
110 624
399 194
493 227
310 955
918 109
829 255
43 28
834 801
706 618
503 501
450 739
287 138
289 252
473 335
19 394
537 35
654 95
650 777
280 52
289 755
858 948
655 281
180 533
569 37
400 355
990 567
937 585
238 749
520 52
742 703
277 998
373 906
730 16
659 938
396 316
435 363
505 433
526 934
646 140
791 389
116 25
26 340
45 664
373 59
129 920
374 977
964 721
342 400
657 593
780 778
627 450
899 105
188 224
650 55
772 345
635 152
174 642
341 856
514 551
589 2
40 439
276 440
387 215
478 930
910 827
820 234
579 921
329 817
127 834
737 583
293 225
404 943
978 500
562 865
83 693
9 570
113 734
527 856
470 696
235 485
466 123
255 83
535 950
517 199
569 160
131 574
153 935
522 815
688 256
249 14
998 984
468 819
98 488
911 260
721 199
36 353
472 59
684 1000
301 386
791 499
800 206
389 42
890 340
428 251
410 538
196 111
638 446
924 342
184 473
973 446
573 268
496 544
6 301
782 628
373 294
49 127
413 250
125 4
911 218
839 585
833 235
978 930
134 385
65 347
885 228
911 412
430 339
441 991
932 921
510 613
991 340
995 657
150 840
449 884
981 915
