16

258 176
58 171
171 119
15 172
172 74
168 173
173 89
79 174
174 152
70 175
175 136
48 176
176 130
17 177
177 74
125 178
178 87
84 179
179 144
71 180
180 143
87 181
181 158
150 182
182 140
50 183
183 15
119 184
184 96
18 185
185 150
145 186
186 38
26 187
187 90
14 188
188 50
34 189
189 97
147 190
190 37
169 191
191 112
36 192
192 136
22 193
193 159
41 194
194 22
15 195
195 70
57 196
196 27
78 197
197 87
76 198
198 67
12 199
199 52
88 200
200 125
13 201
201 110
106 202
202 16
159 203
203 101
91 204
204 73
79 205
205 81
66 206
206 104
105 207
207 157
12 208
208 81
83 209
209 131
138 210
210 33
17 211
211 87
121 212
212 8
18 213
213 161
89 214
214 100
168 215
215 12
117 216
216 98
82 217
217 68
14 218
218 79
163 219
219 103
95 220
220 149
133 221
221 98
7 222
222 130
142 223
223 2
127 224
224 37
115 225
225 86
80 226
226 141
46 227
227 40
6 228
228 52
131 229
229 92
25 230
230 140
44 231
231 105
144 232
232 74
39 233
233 56
117 234
234 6
83 235
235 87
6 236
236 122
158 237
237 71
85 238
238 147
55 239
239 19
55 240
240 81
119 241
241 134
24 242
242 137
61 243
243 114
43 244
244 94
159 245
245 155
49 246
246 74
64 247
247 163
163 248
248 57
89 249
249 113
108 250
250 63
151 251
251 123
80 252
252 24
61 253
253 26
98 254
254 80
86 255
255 2
27 256
256 18
117 257
257 54
167 258
258 66

266 212
134 161
161 10
150 162
162 23
33 163
163 55
138 164
164 114
106 165
165 56
46 166
166 78
35 167
167 58
93 168
168 113
82 169
169 102
16 170
170 84
27 171
171 67
23 172
172 82
153 173
173 42
10 174
174 62
42 175
175 36
48 176
176 100
120 177
177 25
69 178
178 116
15 179
179 29
62 180
180 111
11 181
181 36
23 182
182 81
105 183
183 67
93 184
184 53
30 185
185 11
80 186
186 22
78 187
187 1
131 188
188 105
48 189
189 116
109 190
190 74
123 191
191 157
124 192
192 127
65 193
193 59
103 194
194 152
29 195
195 31
83 196
196 24
111 197
197 109
152 198
198 141
155 199
199 104
99 200
200 46
99 201
201 108
25 202
202 123
90 203
203 43
63 204
204 23
87 205
205 37
141 206
206 2
48 207
207 126
48 208
208 150
52 209
209 79
49 210
210 14
100 211
211 114
6 212
212 71
90 213
213 148
143 214
214 25
152 215
215 16
26 216
216 105
93 217
217 150
80 218
218 150
114 219
219 61
37 220
220 131
36 221
221 157
102 222
222 41
18 223
223 22
94 224
224 105
48 225
225 98
5 226
226 147
143 227
227 8
39 228
228 125
121 229
229 109
121 230
230 98
137 231
231 32
15 232
232 153
23 233
233 43
81 234
234 96
77 235
235 50
117 236
236 48
40 237
237 49
92 238
238 140
28 239
239 69
10 240
240 143
59 241
241 90
32 242
242 128
91 243
243 25
111 244
244 136
24 245
245 54
15 246
246 5
106 247
247 126
4 248
248 70
51 249
249 61
67 250
250 119
5 251
251 12
79 252
252 21
135 253
253 68
28 254
254 130
1 255
255 141
141 256
256 73
109 257
257 142
140 258
258 122
83 259
259 60
128 260
260 52
129 261
261 49
97 262
262 68
107 263
263 56
72 264
264 143
104 265
265 90
113 266
266 68

258 164
99 177
177 152
52 178
178 151
103 179
179 13
135 180
180 47
91 181
181 110
90 182
182 26
126 183
183 163
106 184
184 173
42 185
185 166
139 186
186 67
26 187
187 143
72 188
188 30
107 189
189 155
79 190
190 114
52 191
191 168
112 192
192 153
118 193
193 10
54 194
194 56
132 195
195 84
133 196
196 142
153 197
197 26
150 198
198 120
14 199
199 36
118 200
200 123
162 201
201 8
148 202
202 30
107 203
203 61
63 204
204 108
155 205
205 152
73 206
206 48
142 207
207 122
99 208
208 19
6 209
209 120
50 210
210 105
41 211
211 101
16 212
212 51
106 213
213 130
47 214
214 48
48 215
215 114
8 216
216 143
70 217
217 46
84 218
218 77
47 219
219 44
93 220
220 127
47 221
221 151
16 222
222 63
17 223
223 165
167 224
224 172
130 225
225 126
27 226
226 44
9 227
227 43
156 228
228 114
170 229
229 122
54 230
230 171
99 231
231 44
157 232
232 12
117 233
233 108
7 234
234 66
11 235
235 107
167 236
236 52
136 237
237 3
142 238
238 157
150 239
239 56
164 240
240 128
6 241
241 166
147 242
242 116
67 243
243 138
124 244
244 60
72 245
245 138
164 246
246 131
171 247
247 19
105 248
248 74
163 249
249 128
171 250
250 26
31 251
251 77
37 252
252 90
60 253
253 59
88 254
254 166
94 255
255 19
141 256
256 9
116 257
257 164
76 258
258 173

264 194
98 168
168 64
69 169
169 28
115 170
170 94
137 171
171 149
131 172
172 159
88 173
173 131
55 174
174 53
150 175
175 7
91 176
176 158
17 177
177 90
3 178
178 113
40 179
179 129
62 180
180 116
22 181
181 48
143 182
182 7
19 183
183 60
151 184
184 155
85 185
185 4
163 186
186 34
41 187
187 85
109 188
188 100
131 189
189 21
3 190
190 135
25 191
191 92
38 192
192 51
116 193
193 1
49 194
194 3
60 195
195 109
15 196
196 115
6 197
197 58
123 198
198 122
75 199
199 52
37 200
200 128
160 201
201 53
79 202
202 66
34 203
203 82
148 204
204 85
7 205
205 123
153 206
206 24
127 207
207 26
31 208
208 86
37 209
209 90
38 210
210 154
125 211
211 37
48 212
212 12
39 213
213 26
35 214
214 74
145 215
215 148
32 216
216 134
58 217
217 138
163 218
218 120
147 219
219 113
9 220
220 11
16 221
221 94
124 222
222 76
47 223
223 88
159 224
224 114
136 225
225 11
158 226
226 119
60 227
227 99
49 228
228 33
95 229
229 13
144 230
230 121
55 231
231 16
4 232
232 139
81 233
233 15
83 234
234 146
165 235
235 95
160 236
236 122
58 237
237 133
84 238
238 21
132 239
239 160
97 240
240 53
167 241
241 117
64 242
242 84
122 243
243 157
15 244
244 31
161 245
245 111
120 246
246 89
43 247
247 122
154 248
248 94
36 249
249 131
144 250
250 37
8 251
251 1
95 252
252 86
131 253
253 124
131 254
254 51
65 255
255 74
8 256
256 122
15 257
257 77
25 258
258 115
69 259
259 19
112 260
260 58
56 261
261 54
47 262
262 10
84 263
263 101
96 264
264 87

257 180
50 168
168 96
56 169
169 51
119 170
170 77
137 171
171 25
91 172
172 97
15 173
173 143
148 174
174 89
26 175
175 54
10 176
176 147
149 177
177 99
157 178
178 108
79 179
179 50
63 180
180 153
16 181
181 19
138 182
182 10
132 183
183 129
62 184
184 98
93 185
185 119
125 186
186 100
6 187
187 155
110 188
188 66
15 189
189 16
26 190
190 23
91 191
191 79
141 192
192 50
25 193
193 129
63 194
194 46
30 195
195 27
113 196
196 5
143 197
197 66
87 198
198 28
43 199
199 23
83 200
200 8
159 201
201 104
8 202
202 108
28 203
203 138
151 204
204 157
88 205
205 1
59 206
206 156
4 207
207 110
82 208
208 166
8 209
209 124
133 210
210 124
46 211
211 69
117 212
212 129
158 213
213 22
15 214
214 102
122 215
215 126
4 216
216 22
118 217
217 43
78 218
218 130
69 219
219 72
14 220
220 60
61 221
221 71
43 222
222 165
106 223
223 103
73 224
224 85
125 225
225 21
48 226
226 28
84 227
227 15
77 228
228 159
158 229
229 38
23 230
230 115
103 231
231 26
148 232
232 107
85 233
233 101
131 234
234 36
89 235
235 23
90 236
236 3
8 237
237 49
1 238
238 162
78 239
239 44
118 240
240 105
65 241
241 62
80 242
242 71
59 243
243 125
26 244
244 58
97 245
245 48
112 246
246 78
15 247
247 80
149 248
248 40
142 249
249 148
48 250
250 49
129 251
251 12
27 252
252 89
131 253
253 50
66 254
254 35
126 255
255 4
58 256
256 13
166 257
257 112

252 172
124 167
167 50
129 168
168 26
53 169
169 119
107 170
170 53
140 171
171 79
41 172
172 8
28 173
173 118
82 174
174 29
63 175
175 33
27 176
176 28
64 177
177 155
141 178
178 163
8 179
179 139
87 180
180 41
80 181
181 46
124 182
182 101
105 183
183 160
82 184
184 118
22 185
185 115
132 186
186 44
24 187
187 98
103 188
188 124
76 189
189 87
39 190
190 73
120 191
191 71
34 192
192 112
123 193
193 76
164 194
194 123
162 195
195 87
57 196
196 60
10 197
197 109
107 198
198 8
132 199
199 151
136 200
200 99
135 201
201 76
70 202
202 156
158 203
203 105
1 204
204 56
75 205
205 118
68 206
206 12
138 207
207 54
127 208
208 147
42 209
209 133
18 210
210 103
104 211
211 82
94 212
212 115
76 213
213 35
106 214
214 104
62 215
215 21
117 216
216 151
77 217
217 146
101 218
218 164
103 219
219 88
23 220
220 20
100 221
221 88
134 222
222 81
164 223
223 1
30 224
224 77
36 225
225 160
120 226
226 30
136 227
227 8
52 228
228 14
35 229
229 67
134 230
230 28
92 231
231 86
146 232
232 85
31 233
233 32
82 234
234 54
165 235
235 134
1 236
236 41
9 237
237 164
149 238
238 81
60 239
239 23
63 240
240 1
85 241
241 57
74 242
242 165
133 243
243 114
63 244
244 93
12 245
245 73
111 246
246 86
36 247
247 28
50 248
248 44
52 249
249 31
46 250
250 64
52 251
251 114
112 252
252 20

291 216
86 184
184 24
63 185
185 14
60 186
186 153
174 187
187 101
168 188
188 147
59 189
189 168
168 190
190 166
58 191
191 25
68 192
192 160
111 193
193 54
85 194
194 130
72 195
195 106
34 196
196 79
51 197
197 83
87 198
198 56
50 199
199 17
146 200
200 179
136 201
201 177
118 202
202 42
57 203
203 54
144 204
204 177
52 205
205 24
84 206
206 53
91 207
207 79
67 208
208 106
82 209
209 123
18 210
210 52
63 211
211 97
167 212
212 12
181 213
213 130
75 214
214 65
165 215
215 129
168 216
216 5
76 217
217 27
88 218
218 59
35 219
219 20
46 220
220 102
159 221
221 118
146 222
222 134
130 223
223 76
157 224
224 68
99 225
225 4
161 226
226 1
30 227
227 73
103 228
228 120
20 229
229 149
97 230
230 134
138 231
231 148
25 232
232 79
104 233
233 166
145 234
234 114
11 235
235 39
13 236
236 88
104 237
237 95
165 238
238 89
9 239
239 18
115 240
240 10
88 241
241 106
127 242
242 161
160 243
243 27
17 244
244 134
52 245
245 131
144 246
246 105
10 247
247 42
23 248
248 149
165 249
249 92
45 250
250 149
153 251
251 166
172 252
252 24
135 253
253 115
90 254
254 101
80 255
255 64
33 256
256 166
97 257
257 47
33 258
258 1
44 259
259 47
119 260
260 101
15 261
261 8
158 262
262 7
65 263
263 16
50 264
264 87
24 265
265 178
154 266
266 97
4 267
267 136
136 268
268 97
88 269
269 143
28 270
270 136
109 271
271 82
89 272
272 118
125 273
273 30
155 274
274 111
79 275
275 21
100 276
276 16
13 277
277 102
61 278
278 23
1 279
279 102
43 280
280 142
135 281
281 81
42 282
282 3
89 283
283 36
29 284
284 42
44 285
285 112
65 286
286 2
154 287
287 1
134 288
288 166
163 289
289 52
62 290
290 157
4 291
291 3

363 1885
254 213
19 304
258 117
124 110
308 101
311 248
152 212
133 30
156 337
218 150
256 50
30 100
186 93
229 204
326 291
332 203
44 138
69 158
16 38
116 351
334 274
31 214
36 184
20 82
131 49
42 67
229 100
67 89
125 179
184 243
137 363
265 190
69 246
15 334
164 30
310 85
152 360
356 200
314 338
270 312
336 148
101 193
89 311
289 258
127 299
273 200
133 145
38 22
2 275
277 44
336 109
282 217
294 298
169 214
192 198
47 346
197 91
245 335
101 202
198 234
149 70
65 252
86 170
72 303
183 190
276 185
132 70
264 214
66 277
229 231
92 244
297 18
230 261
360 292
360 249
118 5
341 255
69 26
10 313
226 250
246 308
156 36
157 210
148 350
352 332
28 110
68 213
141 212
163 187
188 145
118 237
268 217
279 12
16 145
343 19
94 21
26 285
49 95
329 228
133 285
304 107
286 175
71 65
259 331
269 222
98 80
317 263
335 216
324 260
41 144
344 266
182 212
260 8
120 155
139 67
159 172
70 180
351 259
116 207
42 50
150 179
236 14
36 115
5 18
136 276
103 342
175 221
218 327
204 182
118 264
335 70
90 317
101 309
232 113
113 325
134 294
173 174
267 297
195 276
361 233
290 55
146 336
204 94
1 9
133 86
14 348
147 275
149 353
44 300
137 297
284 117
17 342
347 296
44 195
90 122
148 225
45 295
29 237
358 310
124 173
337 105
320 47
178 133
182 326
289 305
163 126
208 218
31 63
20 249
300 76
48 189
49 212
107 23
291 220
221 3
166 251
244 273
155 118
11 144
140 36
119 99
197 187
307 288
245 116
213 141
211 173
362 323
291 280
37 297
331 177
335 20
304 328
286 29
267 291
164 279
247 357
66 100
31 156
187 114
124 75
297 106
226 64
151 334
154 94
119 192
104 55
177 32
324 145
187 139
244 72
140 246
131 310
247 279
176 119
195 360
325 79
145 150
273 89
167 246
13 151
13 290
36 243
162 41
95 303
150 133
7 211
155 202
91 241
348 6
292 157
29 275
267 40
314 5
300 48
67 327
88 309
272 76
182 52
245 353
105 66
15 11
347 100
35 302
298 253
358 19
108 161
40 129
295 77
225 334
45 91
249 13
253 152
93 132
114 11
183 237
176 101
52 323
313 118
27 335
130 33
276 64
112 317
58 335
117 46
262 260
140 268
37 148
24 183
201 302
185 100
120 218
126 351
72 254
147 32
95 245
244 142
334 253
220 183
234 119
325 348
110 215
256 162
59 96
150 281
171 49
28 186
124 102
127 348
327 323
237 268
241 134
350 53
13 326
18 326
38 342
223 131
208 275
355 27
228 363
272 351
271 313
3 10
217 79
143 132
129 107
40 5
294 304
22 361
102 327
298 78
191 281
213 305
341 236
105 248
237 75
183 51
153 68
137 258
321 144
253 203
4 345
193 94
266 329
182 291
111 249
315 345
45 208
337 18
83 31
104 248
53 289
205 27
297 202
61 161
318 330
226 339
63 18
358 32
350 159
351 226
171 181
358 272
16 12
246 79
174 205
125 236
127 216
220 155
207 336
317 357
265 282
340 119
226 362
247 302
299 273
115 149
25 330
351 235
201 9
121 354
357 65
123 66
33 190
36 221
17 43
230 31
303 319
16 348
120 149
10 113
110 101
77 281
149 124
81 289
104 94
206 317
85 215
157 306
198 220
257 324
7 325
84 19
250 263
150 343
108 233
348 197
95 38
339 71
225 60
259 188
57 209
314 183
68 301
220 96
114 355
211 351
97 324
50 41
53 108
357 235
358 235
334 320
66 334
104 362
325 217
329 158
345 197
167 124
164 40
132 356
336 215
193 165
294 208
243 213
79 12
321 214
339 358
177 60
160 212
197 177
240 258
39 356
24 78
119 26
250 272
86 193
362 310
37 350
257 21
21 244
319 2
117 32
10 359
176 67
71 36
37 303
94 223
60 347
260 312
99 167
335 14
211 20
267 237
219 212
165 48
79 21
295 126
160 235
38 204
222 178
261 360
323 163
70 6
330 211
115 242
194 140
237 309
221 27
77 310
281 273
3 361
98 12
329 288
240 304
24 92
188 125
258 70
57 20
21 6
336 45
262 240
104 25
67 175
285 252
88 296
146 290
171 253
174 282
84 287
24 52
320 53
251 56
272 131
62 240
139 239
170 337
27 248
101 337
284 201
325 78
21 112
153 296
318 103
195 165
354 314
263 46
2 203
166 149
278 100
145 142
327 162
274 298
39 35
5 223
177 192
361 355
33 142
17 84
189 259
101 60
188 10
245 269
273 268
348 141
336 21
242 85
116 292
44 150
317 129
302 303
359 266
270 212
346 269
136 301
233 290
168 94
9 292
302 9
86 255
292 39
236 63
54 82
101 221
197 255
145 9
130 168
201 325
148 324
209 133
138 139
234 161
253 169
80 118
32 265
286 217
159 341
318 3
123 185
328 361
220 143
293 335
261 278
324 253
148 323
162 80
47 348
34 310
162 355
290 172
360 141
272 169
1 80
335 198
317 55
174 192
214 107
125 217
291 100
222 251
101 80
323 234
253 202
59 113
115 332
226 345
324 11
71 84
312 136
330 235
297 47
67 299
54 32
34 160
75 77
334 354
261 66
324 297
184 49
78 216
48 347
140 305
161 156
248 264
249 49
18 91
146 164
76 152
134 312
20 130
72 122
208 362
2 209
362 18
204 116
221 205
120 32
304 231
218 283
85 105
143 146
283 90
122 238
195 291
346 320
320 197
157 312
269 52
113 111
221 198
140 295
88 208
270 45
245 6
10 320
51 190
109 321
294 349
172 44
320 173
197 54
299 262
28 261
85 281
217 13
325 214
245 15
173 290
212 259
360 65
127 47
241 194
341 338
253 48
71 350
72 232
220 97
58 260
24 65
353 157
246 192
304 140
315 313
256 148
334 24
247 308
232 115
272 116
255 340
241 251
60 326
336 209
85 362
328 299
204 191
147 277
116 57
82 121
301 153
253 224
236 293
223 98
188 192
227 103
355 186
193 11
253 81
57 113
22 91
43 66
13 316
206 279
16 255
199 204
39 359
187 102
188 104
134 244
101 111
50 73
201 262
316 309
283 265
135 15
66 329
199 83
270 327
98 131
133 53
209 343
204 78
218 350
257 252
167 299
354 302
13 76
269 279
231 314
143 258
311 363
114 229
332 172
205 186
287 258
78 118
226 71
10 254
317 290
67 112
201 78
2 327
203 135
190 334
308 330
167 251
66 347
122 172
56 130
305 338
146 291
275 61
242 184
243 58
261 114
358 148
78 232
200 162
140 353
270 115
19 177
58 291
77 16
70 113
163 228
255 63
23 165
48 164
345 281
283 168
275 66
331 161
215 185
93 82
317 308
63 304
30 118
341 190
207 272
104 43
46 331
323 153
346 90
98 353
84 263
284 193
151 350
227 281
33 346
33 141
197 12
297 235
135 273
67 103
276 153
221 330
243 45
344 331
231 167
116 146
215 222
207 63
104 158
103 126
160 144
70 269
154 216
212 25
295 343
346 189
97 274
337 259
65 134
341 49
252 39
195 321
33 46
344 122
70 245
239 221
51 167
84 132
213 301
178 266
198 132
111 23
331 293
102 181
346 278
89 224
52 28
181 197
211 232
308 309
291 343
310 81
43 125
338 285
260 266
124 215
127 303
330 15
88 232
7 338
161 313
148 332
27 303
68 251
362 271
235 23
168 136
168 220
264 186
211 94
141 311
235 164
143 55
182 22
269 8
183 13
286 352
18 263
137 219
234 103
15 281
331 29
41 202
150 297
64 101
10 340
319 121
73 249
203 39
170 292
9 175
191 179
357 204
12 76
344 79
90 135
93 23
98 66
44 10
154 141
321 254
124 312
198 233
98 53
281 6
327 81
97 139
299 130
209 239
291 330
221 42
45 199
191 184
250 17
178 351
92 313
149 126
62 55
29 190
235 291
274 199
316 123
141 64
356 227
350 245
309 133
39 28
325 330
170 221
154 108
336 311
299 256
68 313
125 227
289 298
91 63
39 322
279 126
141 121
173 296
212 178
346 18
168 184
316 336
262 171
30 151
360 234
274 166
45 330
268 162
221 275
79 160
304 150
253 237
231 239
361 84
287 297
200 86
37 306
265 81
11 110
358 315
47 296
108 60
328 293
80 208
314 292
65 256
344 276
92 36
93 338
169 175
339 78
192 316
160 277
56 177
313 326
100 154
52 37
112 141
111 79
221 208
88 166
234 77
23 128
268 105
363 358
278 54
136 53
176 221
123 243
32 231
277 134
156 147
237 24
201 261
37 348
239 325
41 326
42 348
261 254
49 306
121 43
323 333
270 324
282 266
183 258
235 259
167 277
85 66
294 201
100 136
268 313
52 43
18 135
227 7
301 138
304 178
353 16
100 81
233 125
218 4
95 149
82 15
319 331
131 235
335 134
13 243
306 127
60 178
282 244
139 232
322 264
235 60
209 311
58 123
133 38
195 190
86 14
69 78
235 346
240 111
363 191
95 289
64 157
64 322
157 230
118 270
267 134
269 264
142 46
326 315
21 259
154 53
254 354
275 69
316 257
221 272
46 110
201 199
313 363
333 13
62 110
245 278
284 60
105 182
189 327
246 330
140 232
235 42
54 280
43 9
49 290
54 70
221 100
171 237
122 46
285 306
207 363
197 156
296 219
257 223
81 70
360 339
239 358
23 271
230 175
296 247
58 135
132 223
298 227
86 130
34 124
63 283
201 322
222 322
83 303
121 96
338 312
70 91
328 91
313 156
23 179
356 198
286 212
197 108
73 86
126 19
246 102
85 218
250 109
31 213
126 173
310 308
113 72
67 84
343 227
163 50
309 63
331 110
169 274
353 221
361 7
48 263
15 333
309 160
75 101
79 287
216 141
309 358
56 310
343 11
276 192
132 205
278 292
244 7
155 171
267 333
312 276
330 159
260 41
52 350
72 255
257 111
50 340
251 317
145 104
99 298
124 290
287 109
94 36
278 319
209 100
120 20
104 259
34 350
217 36
332 307
9 349
65 104
28 20
301 210
212 166
143 325
129 97
44 116
266 138
344 80
259 329
158 7
216 10
126 198
91 32
282 189
114 210
211 254
251 346
89 107
236 142
73 308
166 178
43 99
46 44
178 348
250 129
252 298
28 63
176 281
288 242
168 35
66 360
358 176
272 1
74 181
313 193
211 300
317 68
173 191
283 92
34 176
229 50
64 173
83 46
313 140
237 51
241 48
43 179
303 312
252 235
39 135
205 336
66 355
230 344
310 126
325 124
91 361
184 287
3 248
98 294
334 191
155 110
76 112
255 239
266 54
305 81
183 16
186 353
149 347
316 10
13 38
253 236
325 303
223 126
5 311
192 183
168 160
351 218
159 313
30 46
287 78
198 202
256 231
38 355
49 77
13 95
344 277
76 303
208 127
209 202
357 338
292 121
150 11
13 257
96 270
133 82
118 101
31 287
87 64
21 135
105 353
3 94
260 250
211 163
122 330
161 32
132 359
208 5
195 257
33 238
173 348
93 76
171 341
320 35
179 232
36 252
77 99
85 163
160 70
265 250
230 324
235 222
236 224
164 82
39 56
99 277
241 68
281 75
186 261
42 14
341 18
314 116
232 106
270 332
311 154
260 290
244 175
277 92
304 332
184 124
323 354
101 14
94 275
16 239
189 358
193 99
199 26
287 356
15 222
164 241
19 283
286 249
306 350
2 103
113 357
192 281
196 305
216 90
53 254
297 255
82 277
249 150
31 129
89 138
108 175
218 302
187 143
261 327
265 156
328 39
310 75
278 96
234 305
91 344
201 117
147 17
268 256
85 357
69 35
36 216
198 145
82 195
337 73
338 89
240 289
132 121
188 14
29 194
341 45
319 272
284 278
291 252
128 266
70 268
36 136
224 184
209 127
85 223
234 1
252 352
160 6
180 319
261 218
284 259
270 296
71 2
55 307
211 58
273 216
98 47
90 334
202 81
258 223
276 162
11 344
32 75
216 280
163 326
348 135
353 52
104 120
195 323
219 146
2 75
148 158
121 321
104 135
270 162
145 14
75 262
151 16
233 296
178 78
349 252
307 270
327 100
76 287
39 304
46 354
139 12
213 13
272 57
43 127
48 66
133 104
244 145
20 95
49 54
199 150
312 277
71 68
33 77
127 15
216 223
140 28
361 6
110 60
223 359
99 301
54 210
26 269
229 104
67 69
305 133
17 198
254 96
239 276
279 194
229 302
51 172
164 2
56 262
261 62
45 204
230 263
123 270
141 289
127 334
58 41
204 56
227 316
222 225
205 23
280 146
176 355
16 354
19 226
199 21
3 141
352 313
23 133
276 111
277 359
30 58
287 82
56 6
30 69
178 114
15 307
259 312
354 230
320 314
20 186
267 127
107 41
242 102
317 67
321 349
5 357
166 296
79 52
191 304
14 332
91 49
219 100
257 327
276 229
11 66
66 186
162 220
329 239
101 270
302 58
16 23
109 318
236 330
184 288
168 186
40 112
233 47
181 279
148 64
341 140
221 273
149 346
116 54
316 11
357 190
304 136
106 12
166 64
346 104
182 169
122 140
142 241
292 115
235 343
208 8
26 3
230 291
213 164
363 251
98 100
79 58
229 36
303 344
359 335
201 136
276 235
343 173
116 172
264 247
32 115
146 135
39 5
336 212
320 190
121 136
306 266
73 109
81 221
70 322
40 188
331 88
282 338
15 279
75 95
128 296
80 49
29 232
358 299
106 272
92 278
79 8
342 287
52 46
271 204
217 26
223 84
299 109
10 355
301 341
250 118
6 320
45 283
103 94
32 240
52 134
343 90
256 94
310 129
6 142
318 193
157 274
158 85
326 1
271 213
348 116
67 29
146 97
240 140
25 254
269 357
221 23
14 198
361 199
342 99
15 59
54 226
149 278
152 102
345 46
6 60
42 246
208 205
230 41
253 136
363 5
98 362
117 62
355 210
144 14
104 172
360 353
59 234
35 9
320 9
84 210
323 4
218 303
37 228
78 286
354 319
262 348
120 91
66 235
216 260
19 291
242 95
153 300
235 341
148 113
205 64
278 286
185 138
100 167
231 346
222 342
18 1
48 161
167 21
209 295
340 289
75 193
242 169
100 223
330 17
78 249
189 287
162 172
255 89
41 280
169 294
215 362
307 253
280 334
337 152
32 164
61 27
241 143
158 41
324 305
126 168
346 265
293 345
149 298
26 305
210 127
362 66
346 184
189 137
301 229
51 344
163 329
346 43
1 41
310 93
149 81
322 67
328 358
20 81
203 62
157 200
345 19
222 156
223 22
250 333
52 337
108 342
18 106
224 352
28 183
177 289
200 158
78 163
191 287
168 185
222 244
228 219
63 337
304 246
322 205
341 95
343 250
273 346
204 348
351 106
343 316
145 288
59 294
207 95
297 42
262 194
213 134
327 311
172 219
199 249
40 296
132 182
206 341
301 249
144 262
77 35
307 217
290 163
77 361
67 303
344 82
217 196
6 259
64 262
156 180
296 100
279 101
214 300
164 187
184 164
278 167
280 258
229 342
241 294
130 102
188 363
174 103
139 115
231 2
5 33
79 46
187 89
244 30
227 254
119 52
15 142
115 350
150 318
261 158
102 39
352 305
116 199
64 48
263 138
250 39
152 61
280 114
209 60
116 119
277 208
26 359
335 275
155 137
323 197
198 105
62 183
87 149
218 36
347 328
112 268
340 172
34 201
53 150
246 82
194 280
130 337
296 89
260 103
151 69
264 98
211 349
12 346
343 151
346 105
92 40
315 267
141 18
214 160
235 237
156 361
306 164
178 327
349 103
208 339
171 345
12 194
342 258
180 22
221 212
244 312
245 99
265 304
303 200
19 257
259 302
356 9
212 195
302 175
218 54
327 199
32 210
77 262
277 265
13 319
180 110
22 13
125 139
108 69
276 326
42 26
297 274
137 339
36 326
115 314
120 175
28 72
194 183
306 255
98 132
216 71
52 184
184 362
68 280
268 317
163 100
243 329
280 253
132 10
32 19
87 200
147 143
239 326
60 46
187 63
233 121
361 76
307 8
330 292
44 71
192 269
225 203
62 120
318 198
31 157
188 99
83 271
15 211
1 203
277 110
100 92
323 311
198 266
57 135
186 40
22 105
22 114
277 149
13 77
141 59
202 59
223 52
135 232
140 245
109 205
283 144
226 90
47 88
81 215
310 144
218 71
81 56
105 178
141 52
34 110
307 308
347 157
138 144
284 87
362 300
277 112
79 260
211 65
49 241
358 325
168 140
184 293
6 225
299 316
1 316
35 359
221 153
223 149
337 79
158 79
87 127
199 172
42 249
64 6
159 212
325 161
91 233
310 64
348 179
60 50
170 325
121 196
304 41
323 298
288 280
128 268
223 269
137 82
358 186
234 329
35 229
273 229
347 122
204 110
189 286
100 274
357 11
263 344
339 347
16 214
330 97
133 311
237 313

241 158
115 163
163 104
47 164
164 123
3 165
165 66
42 166
166 115
54 167
167 22
112 168
168 41
60 169
169 42
137 170
170 8
27 171
171 57
94 172
172 119
5 173
173 13
80 174
174 92
148 175
175 131
125 176
176 12
115 177
177 118
41 178
178 127
154 179
179 59
34 180
180 101
158 181
181 18
116 182
182 46
50 183
183 42
2 184
184 88
133 185
185 78
136 186
186 152
136 187
187 45
93 188
188 48
10 189
189 135
125 190
190 73
70 191
191 129
112 192
192 36
33 193
193 155
99 194
194 155
66 195
195 87
79 196
196 20
54 197
197 137
33 198
198 147
31 199
199 56
124 200
200 127
122 201
201 106
43 202
202 152
34 203
203 88
120 204
204 11
136 205
205 16
41 206
206 46
61 207
207 10
63 208
208 92
90 209
209 24
64 210
210 158
143 211
211 56
49 212
212 28
101 213
213 43
135 214
214 76
14 215
215 68
157 216
216 52
84 217
217 20
118 218
218 144
119 219
219 35
151 220
220 14
20 221
221 111
151 222
222 60
77 223
223 21
62 224
224 161
124 225
225 146
123 226
226 154
23 227
227 48
102 228
228 6
59 229
229 152
49 230
230 43
2 231
231 139
8 232
232 83
63 233
233 62
2 234
234 63
78 235
235 129
102 236
236 130
85 237
237 24
137 238
238 50
24 239
239 54
106 240
240 125
73 241
241 76

276 188
108 183
183 94
16 184
184 47
32 185
185 93
33 186
186 65
130 187
187 176
65 188
188 22
38 189
189 134
24 190
190 56
33 191
191 39
37 192
192 23
177 193
193 97
122 194
194 60
21 195
195 158
20 196
196 169
66 197
197 5
171 198
198 80
179 199
199 11
61 200
200 97
109 201
201 167
33 202
202 9
70 203
203 91
83 204
204 90
98 205
205 13
75 206
206 140
142 207
207 60
129 208
208 51
9 209
209 50
54 210
210 170
78 211
211 87
178 212
212 32
173 213
213 144
114 214
214 122
59 215
215 171
72 216
216 28
45 217
217 126
162 218
218 165
167 219
219 122
162 220
220 159
28 221
221 73
181 222
222 77
179 223
223 24
13 224
224 146
57 225
225 105
128 226
226 60
119 227
227 69
96 228
228 143
152 229
229 26
151 230
230 169
158 231
231 115
28 232
232 59
128 233
233 3
13 234
234 149
4 235
235 170
142 236
236 42
164 237
237 119
74 238
238 91
77 239
239 9
90 240
240 76
167 241
241 2
126 242
242 161
26 243
243 75
164 244
244 28
70 245
245 102
38 246
246 89
120 247
247 141
140 248
248 39
59 249
249 22
26 250
250 175
178 251
251 96
153 252
252 82
26 253
253 118
139 254
254 163
10 255
255 21
33 256
256 102
174 257
257 78
43 258
258 15
84 259
259 151
43 260
260 94
2 261
261 114
153 262
262 26
31 263
263 25
135 264
264 28
141 265
265 18
42 266
266 92
78 267
267 124
68 268
268 69
154 269
269 128
118 270
270 125
11 271
271 17
69 272
272 12
137 273
273 118
49 274
274 1
167 275
275 159
16 276
276 174

395 1860
251 186
353 49
261 216
62 374
42 370
235 181
25 279
277 75
266 100
268 320
38 95
313 378
62 31
184 137
3 2
169 302
297 353
302 18
72 244
272 33
165 239
94 287
132 201
389 28
192 200
293 92
327 143
264 287
55 204
276 196
197 304
45 71
219 291
332 194
274 272
332 81
356 351
199 259
220 132
221 306
113 393
370 162
79 195
193 273
67 94
37 170
80 280
283 256
329 66
386 11
84 295
158 325
287 217
379 38
225 130
298 72
338 301
121 337
383 186
133 154
89 246
296 13
208 159
9 322
376 240
254 316
126 266
312 141
354 69
339 30
37 80
386 181
315 25
388 177
119 137
381 323
296 101
187 67
137 192
233 257
386 106
136 8
282 43
323 359
345 291
24 339
170 222
278 23
100 19
283 88
197 77
342 163
108 98
184 61
138 217
42 381
295 29
8 122
374 227
12 308
286 175
145 266
349 106
127 308
210 381
329 325
308 79
293 40
340 21
348 386
243 181
395 44
181 46
113 243
97 332
78 350
99 32
304 98
275 219
177 276
96 132
242 159
336 216
263 130
215 133
286 10
77 228
294 47
270 142
65 216
248 104
222 278
352 337
82 19
228 118
301 360
51 138
52 260
294 329
95 189
320 185
53 338
196 174
328 297
225 167
105 236
192 74
14 235
324 266
53 271
242 376
17 153
312 193
226 369
63 60
339 82
350 209
117 201
194 44
218 166
331 272
52 289
108 70
75 312
225 297
107 134
253 294
148 377
134 129
212 203
291 275
154 76
265 71
17 105
85 320
131 225
170 76
111 301
359 383
362 122
114 148
324 50
4 90
278 82
267 146
285 149
380 45
271 166
313 340
227 369
119 120
306 64
289 9
90 273
350 199
374 217
284 260
331 83
267 139
326 348
92 375
44 207
312 218
210 252
44 385
262 29
72 287
1 338
41 299
187 139
318 260
233 217
13 64
236 271
4 389
212 299
308 286
30 299
74 308
3 199
243 1
371 4
69 74
288 378
275 177
101 52
30 112
284 80
50 111
36 379
125 69
317 137
107 384
366 373
157 251
306 109
385 123
93 275
332 268
372 139
249 13
32 48
326 310
181 102
255 35
2 197
349 58
282 117
61 83
220 374
96 332
242 167
56 95
244 54
190 46
29 372
14 216
327 115
60 91
389 385
67 251
179 392
328 88
305 295
7 24
85 205
70 247
73 81
363 351
98 187
20 6
194 29
285 263
323 108
342 212
182 332
220 183
296 138
243 133
29 333
378 337
199 157
41 263
300 98
140 154
308 299
165 238
311 323
260 377
281 335
192 201
319 259
233 70
235 173
168 354
151 188
44 26
373 311
87 372
213 296
196 237
296 6
59 8
248 63
188 44
318 21
254 117
309 59
246 339
211 290
393 395
268 94
215 378
5 163
388 394
338 278
266 132
50 345
272 168
336 149
137 68
377 386
106 157
60 241
61 168
174 306
23 167
270 91
24 140
119 365
265 377
379 192
73 251
262 192
10 313
54 38
310 220
296 208
261 392
301 44
160 186
126 195
347 89
203 259
282 363
127 160
224 385
179 13
269 346
41 395
7 124
125 123
129 291
295 257
28 310
105 247
380 340
218 363
172 278
135 361
84 13
160 32
16 357
349 255
149 2
26 130
18 392
262 178
267 261
325 7
336 283
311 212
66 15
357 65
311 25
341 306
45 25
230 31
107 42
19 236
82 30
315 130
213 46
252 95
353 110
264 340
12 388
214 7
18 274
117 307
281 106
196 371
342 187
161 302
165 338
318 383
248 98
321 124
185 42
136 55
14 56
380 131
370 284
171 152
259 188
213 365
303 26
220 318
311 91
244 110
154 191
35 128
272 233
392 371
253 89
75 51
370 279
247 157
49 359
143 31
101 22
321 221
104 219
322 142
221 359
40 269
77 109
62 212
139 195
134 143
63 69
90 123
333 154
269 200
323 296
102 231
14 292
185 204
132 154
37 350
228 66
15 385
39 63
4 227
138 387
302 264
106 287
195 200
353 304
318 221
345 33
149 370
158 162
135 244
288 143
292 4
20 129
341 212
15 223
9 144
233 127
14 20
256 279
260 295
189 391
211 29
286 2
200 241
310 132
149 266
303 368
107 301
202 62
265 297
108 196
353 43
8 5
67 145
126 288
347 105
352 92
137 142
113 63
206 154
299 27
46 142
88 128
235 51
238 92
115 220
25 196
40 133
163 319
221 109
283 3
280 165
167 89
349 378
319 93
360 2
112 317
44 86
367 394
284 192
358 379
234 317
75 174
100 211
360 363
95 279
372 217
158 77
363 103
202 43
210 27
49 159
13 113
54 285
77 329
338 298
191 156
99 200
7 179
83 2
285 269
271 133
134 317
273 372
81 113
21 169
322 366
109 182
238 113
336 9
255 365
219 324
347 395
22 11
116 338
239 270
104 132
287 125
57 351
385 336
121 301
14 277
191 61
157 125
98 192
49 343
291 238
51 123
222 240
82 168
306 23
366 69
331 101
46 173
66 202
88 355
65 137
146 178
124 126
281 309
321 230
266 20
141 281
273 206
225 248
212 53
313 64
77 39
297 337
133 288
191 35
160 386
328 78
35 305
333 195
257 110
285 352
182 342
295 152
43 208
61 273
284 139
231 193
379 216
347 358
241 223
39 100
149 105
243 66
84 296
288 317
113 296
378 259
359 242
40 221
27 386
66 164
125 273
277 66
115 231
395 385
163 358
330 285
349 111
97 254
23 295
99 133
134 307
320 342
267 203
395 286
274 174
184 389
302 341
358 86
76 97
55 67
259 243
10 320
263 118
164 60
191 175
30 150
138 127
252 318
163 77
255 388
311 93
297 316
189 331
345 386
236 311
41 364
297 333
336 75
228 73
144 40
199 7
74 185
94 235
116 284
25 142
51 52
325 8
146 343
298 42
45 324
234 50
231 268
71 350
221 365
352 41
25 117
354 261
367 341
291 326
117 93
360 72
223 319
117 206
190 140
177 169
143 30
61 108
299 372
122 106
268 266
58 271
242 374
39 176
371 109
26 231
228 127
33 127
364 385
312 178
385 247
23 331
32 305
123 295
106 277
383 249
277 135
118 126
273 157
341 286
341 11
362 311
309 114
19 267
149 46
136 45
29 115
157 62
360 182
145 161
370 262
214 32
52 187
198 174
364 66
292 324
263 376
302 56
234 47
236 388
147 291
204 272
352 62
390 133
140 194
341 20
162 307
277 98
260 238
11 58
157 55
382 345
84 345
270 249
219 44
151 62
59 208
314 328
89 374
325 381
203 135
132 137
121 69
159 250
311 352
216 169
326 338
25 312
159 317
288 357
74 57
199 298
57 245
257 256
256 140
209 15
20 221
68 265
324 360
326 124
39 274
370 26
192 112
176 303
50 114
152 264
100 70
306 251
55 291
3 201
172 253
104 144
315 88
245 220
67 126
256 223
41 229
267 42
146 79
171 85
102 345
176 96
56 235
260 285
322 114
293 238
391 220
139 143
197 157
272 364
240 294
166 50
349 370
28 55
139 28
269 315
185 97
95 121
9 179
361 45
142 170
275 80
369 93
314 253
261 109
341 223
124 193
275 193
338 77
253 361
132 109
371 175
283 203
284 160
258 138
386 61
152 285
172 91
174 68
368 64
318 232
103 119
20 86
135 184
300 326
193 260
341 73
65 356
21 177
296 27
259 145
78 375
83 309
280 234
141 255
160 117
218 122
113 171
134 48
279 291
48 64
203 319
331 333
22 3
333 161
338 172
176 228
110 365
223 141
125 261
347 250
114 364
97 300
264 43
307 207
306 374
23 392
173 230
109 254
157 300
342 157
111 37
228 284
89 242
133 303
392 338
28 27
321 7
267 79
252 76
256 289
262 198
40 53
285 383
287 218
55 277
311 113
72 338
365 158
114 213
22 383
136 235
99 14
299 109
196 38
141 216
368 29
331 227
5 366
44 114
194 204
231 81
51 32
77 283
202 297
348 280
5 36
61 71
210 281
102 198
341 338
163 94
381 305
158 299
215 259
291 371
292 67
188 359
5 343
172 54
355 238
241 160
59 185
137 125
247 78
343 44
72 370
151 51
228 265
321 121
137 388
263 113
140 183
253 69
294 338
78 16
243 390
279 348
267 316
90 31
147 76
222 69
95 217
170 87
172 188
84 174
365 130
31 267
364 238
144 154
22 223
336 76
65 117
229 324
285 29
34 338
153 320
368 288
106 288
198 186
199 328
55 178
2 58
210 258
247 92
344 357
105 377
214 309
235 80
93 338
369 316
332 128
212 267
339 389
70 162
351 192
261 29
119 249
237 142
75 383
55 374
82 304
195 83
201 179
239 122
199 317
228 233
65 281
43 311
73 329
42 341
90 286
135 17
212 274
59 192
130 70
81 266
262 156
378 105
16 97
308 39
255 301
37 122
2 12
82 299
300 374
102 229
269 87
343 48
208 221
135 249
65 274
360 40
142 85
204 361
260 224
10 357
158 270
122 312
15 387
71 38
345 217
282 388
102 269
126 135
365 75
82 217
83 349
365 220
6 27
178 10
83 72
313 127
261 231
285 225
309 235
261 8
340 160
289 343
290 95
274 334
317 289
33 295
362 96
112 178
162 231
111 384
90 284
201 311
355 208
393 56
297 151
1 120
130 83
81 170
306 304
310 157
71 134
348 142
157 230
108 174
254 85
235 53
9 374
257 126
354 144
154 53
342 12
146 228
168 137
260 279
106 189
363 211
329 327
75 272
41 91
341 189
324 336
55 21
369 108
190 377
187 335
315 313
321 367
183 380
86 338
262 344
356 88
386 330
26 296
282 267
156 206
393 260
256 215
142 368
27 347
66 306
229 198
14 71
240 215
280 332
51 108
374 33
358 368
366 132
296 247
19 287
319 367
217 283
53 202
347 126
38 150
95 286
317 325
173 11
291 351
54 379
238 388
168 64
352 204
62 235
288 164
254 260
169 231
296 254
31 213
201 250
314 372
25 388
369 337
271 317
169 274
154 125
31 11
156 309
87 367
327 316
388 192
236 71
256 13
201 332
124 9
309 169
205 317
387 166
285 357
346 373
149 214
153 275
154 131
229 24
29 171
192 279
140 308
88 253
278 25
254 232
362 134
364 115
170 123
245 331
68 308
15 113
185 171
186 340
155 185
181 223
311 314
21 167
354 65
233 62
286 48
198 342
146 360
85 277
199 237
276 221
48 340
174 323
395 387
70 190
73 234
42 257
270 273
218 206
56 157
59 262
330 32
245 147
192 1
212 76
354 361
122 132
68 216
69 214
354 253
331 144
225 56
285 180
198 320
271 65
278 360
64 164
12 201
301 165
226 272
221 387
3 80
332 343
98 334
10 329
375 339
252 81
186 22
362 250
162 15
383 245
316 146
337 115
357 112
324 271
15 85
370 253
83 374
338 18
312 318
222 282
8 108
248 294
47 342
141 251
241 249
260 130
126 154
199 320
38 267
167 166
206 274
316 169
392 84
376 57
322 141
127 249
114 299
95 351
208 231
63 358
393 334
328 11
166 117
27 273
373 202
284 315
179 229
146 308
257 386
98 134
340 372
306 260
128 243
34 71
386 287
372 180
310 102
265 250
270 325
290 210
365 260
80 55
337 213
212 393
199 310
385 319
220 217
245 173
155 251
159 110
296 51
227 6
68 148
167 111
139 67
123 326
145 204
253 97
201 75
357 3
253 323
53 358
41 249
108 199
272 392
54 271
93 181
296 372
205 358
142 215
143 207
59 378
167 245
126 182
143 124
313 353
298 247
391 232
284 38
164 365
198 41
93 285
133 199
156 104
303 8
5 285
79 314
382 329
311 232
331 163
136 339
271 115
36 129
307 328
55 338
293 227
167 323
100 218
269 122
42 251
316 59
27 325
34 273
26 192
355 193
286 235
78 73
6 218
159 181
210 321
103 67
323 98
37 6
335 289
389 206
254 68
293 290
222 173
115 373
262 222
70 97
165 248
167 19
243 98
32 163
379 169
378 31
246 108
294 237
138 76
102 176
179 210
243 305
337 257
28 8
379 305
146 49
193 248
359 122
315 240
171 218
381 186
387 89
83 326
66 95
341 87
273 354
64 105
45 73
48 312
87 249
71 99
328 67
182 98
76 366
350 174
260 357
43 127
372 276
130 15
104 142
106 158
198 253
202 240
68 223
45 49
392 19
359 394
306 18
272 339
36 308
41 199
391 90
141 164
111 252
170 238
36 207
182 20
369 70
387 54
89 314
53 292
137 219
20 102
295 156
318 152
90 238
220 48
204 346
247 131
260 363
314 135
316 143
246 72
74 331
362 22
366 235
154 321
155 373
282 375
37 180
334 3
264 210
2 188
332 237
335 32
12 69
334 221
101 254
319 139
231 277
382 84
37 44
275 228
48 341
304 154
271 272
241 324
123 278
24 158
8 120
337 358
194 287
378 224
359 6
332 228
84 306
375 134
181 270
127 366
7 315
118 17
271 232
186 359
185 216
246 245
234 94
144 165
132 49
213 42
71 60
134 297
178 335
347 51
60 290
262 56
301 19
363 147
296 88
262 390
390 331
338 24
141 112
220 20
115 301
128 392
256 271
43 386
132 264
56 172
202 183
220 314
137 109
357 127
267 388
185 308
89 287
56 27
81 117
63 376
175 329
142 386
8 254
183 153
97 149
260 252
354 243
113 391
345 313
292 122
370 275
387 243
382 225
95 201
179 226
91 4
147 278
87 48
296 384
79 289
215 289
219 162
95 238
68 111
386 250
375 106
233 2
74 364
55 130
155 229
161 182
116 3
135 251
46 306
42 151
261 252
134 378
119 344
121 41
139 77
222 258
115 122
184 118
314 332
299 359
157 274
181 247
348 54
212 104
330 223
39 163
24 275
362 332
114 36
226 66
30 248
142 380
181 372
293 240
167 332
302 134
324 151
89 379
293 310
281 252
138 351
232 195
250 302
29 306
254 163
184 347
166 159
42 247
52 229
277 302
354 6
337 198
120 306
33 333
341 380
274 327
227 381
275 361
84 65
77 339
79 261
118 191
119 295
234 318
272 74
27 109
345 143
236 93
36 130
347 98
149 280
152 116
282 270
359 353
338 114
220 86
206 225
336 384
318 304
122 263
142 55
143 282
378 35
379 147
146 272
92 143
153 309
392 144
127 317
111 2
64 237
67 104
195 63
344 141
15 377
115 174
6 295
155 46
328 238
266 103
38 345
226 217
144 273
110 209
112 208
156 393
266 348
88 153
141 204
116 303
220 46
158 346
74 298
383 371
118 51
107 191
198 10
220 35
369 181
61 258
82 60
325 157
256 342
205 258
387 163
388 392
7 12
312 109
334 276
229 29
178 247
197 228
278 42
379 337
107 180
142 96
198 375
40 123
43 230
262 307
374 153
52 344
143 131
248 108
28 142
375 186
105 127
217 195
106 339
108 115
237 70
366 282
225 252
389 342
228 287
394 188
97 314
281 179
158 316
146 169
93 227
225 43
228 32
249 362
379 180
34 188
145 103
205 389
392 374
348 70
6 73
82 150
89 248
271 266
213 61
368 385
373 235
28 109
80 156
214 159
96 245
225 44
195 318
269 166
218 197
277 358
301 32
214 121
233 292
257 333
318 374
228 269
325 224
326 187
173 98
205 341
321 22
114 90
28 155
224 251
339 301
108 88
293 367
355 58
286 262
92 81
281 134
88 323
327 209
2 143
186 13
244 315
192 289
48 102
334 327
112 3
220 316
257 302
225 175
66 3
312 330
338 25
303 195
201 239
109 240
256 145
241 373
218 47
327 206
388 338
389 108
339 59
282 71
219 196
170 93
119 146
304 305
17 9
348 42
158 240
253 302
327 54
166 112
149 24
43 48
284 318
318 161
394 96
178 382
184 105
244 195
65 365
247 86
176 168
125 320
344 164
348 33
258 345
83 257
10 35
175 337
309 117
308 179
137 13
211 18
289 346
57 230
162 142
127 224
331 80
280 253
49 268
83 189
177 384
256 358
112 343
355 167
283 130
291 194
354 117
70 290
193 290
104 206
86 98
366 153
78 269
199 391
127 126
182 138
350 283
27 225
360 161
14 25
114 112
118 221
323 113
28 37
233 3
277 149
245 214
362 236
222 357
265 101
259 176
82 94
228 129
138 348
304 172
253 306
280 378
375 270
285 247
124 65
223 287
69 245
320 155
124 267
320 310
15 3
121 16
65 329
232 188
324 340
364 195
112 172
115 361
105 323
300 55
387 165
251 285
294 358
4 197
6 225
87 332
361 176
243 180
329 213
274 5
185 243
217 384
62 134
111 218
21 19
149 78
72 85
200 106
331 346
318 19
48 46
338 204
273 229
206 382
66 75
284 54
325 340
347 54
115 375
261 183

389 1968
234 158
70 287
337 159
210 167
265 29
33 41
145 122
74 288
384 72
354 16
361 367
127 298
283 389
185 253
9 303
229 305
158 200
283 124
360 132
36 205
102 340
370 344
133 7
191 273
285 257
106 149
288 389
200 231
352 125
125 264
127 179
111 128
242 132
263 16
374 328
69 246
185 119
96 225
25 368
371 41
171 68
335 87
65 91
330 373
170 116
141 107
50 299
361 345
287 97
43 328
279 86
210 110
17 195
96 9
9 345
286 186
80 98
371 46
113 305
350 38
229 5
274 209
293 142
353 371
299 356
15 154
381 315
113 200
92 281
301 260
122 291
140 134
166 171
4 24
208 46
11 70
30 166
87 382
72 120
341 298
166 204
171 388
183 6
41 166
82 151
200 363
314 66
356 22
156 91
257 213
68 100
160 269
201 10
130 22
47 16
31 202
269 54
153 88
136 15
360 88
326 203
110 100
2 181
330 262
276 385
115 155
115 27
372 339
289 189
19 20
131 133
8 259
82 323
358 75
34 62
235 284
77 181
139 210
285 111
61 134
187 206
189 190
330 51
103 370
289 197
364 91
130 232
100 347
88 45
344 354
254 51
135 368
76 105
222 216
189 326
65 216
139 174
234 296
89 210
168 20
97 146
226 374
262 279
356 3
264 321
123 300
144 64
366 335
22 61
251 143
372 50
7 246
156 153
303 346
178 138
254 58
220 251
38 221
95 339
79 181
89 219
143 306
327 49
379 251
127 388
297 119
351 204
359 188
235 370
201 38
292 203
133 95
10 81
229 43
33 272
291 53
116 6
303 208
15 273
349 221
45 143
299 54
143 253
78 105
389 93
311 54
294 202
137 157
31 151
324 376
198 382
41 140
337 296
232 215
251 152
364 358
171 116
46 238
144 18
233 241
167 192
388 243
339 209
250 67
162 23
18 368
385 380
28 40
259 260
35 42
23 146
319 119
82 334
303 87
150 308
289 250
36 15
76 166
25 314
316 271
102 312
128 117
344 11
123 77
110 328
244 217
335 343
119 113
86 122
161 273
382 107
115 355
155 319
345 93
165 202
241 265
24 209
26 253
47 289
231 4
75 213
166 236
225 107
262 133
120 308
202 365
226 202
127 158
58 300
222 166
373 58
265 340
216 262
162 350
73 361
92 3
220 45
387 284
117 5
327 163
3 204
211 49
237 103
184 13
156 243
146 343
179 274
162 147
127 135
19 189
118 261
45 91
28 53
215 367
310 65
113 187
97 193
116 144
58 9
335 372
334 250
172 241
52 100
273 228
238 278
317 328
51 292
201 349
65 128
290 157
238 112
188 247
99 97
355 203
379 170
126 351
259 325
37 12
118 179
104 274
112 210
204 296
88 155
180 257
328 95
343 245
206 96
223 51
308 109
54 84
327 142
22 116
234 69
215 67
81 27
318 237
16 368
311 299
337 383
85 95
386 49
211 92
47 151
175 66
142 185
291 148
356 373
85 262
158 25
107 364
73 44
276 204
175 160
380 135
82 53
192 168
288 182
162 381
71 85
21 54
116 244
279 311
113 304
172 213
101 201
193 376
122 78
175 56
70 363
347 89
366 231
38 320
242 346
10 27
11 302
251 232
23 249
277 52
372 246
289 49
382 267
167 48
262 187
274 182
61 73
172 204
378 258
127 216
348 64
27 387
201 354
96 24
24 293
251 350
91 194
382 306
385 148
285 235
154 145
376 33
73 286
378 269
197 221
111 54
24 114
208 255
81 7
300 218
249 83
339 260
36 300
147 364
10 323
376 330
247 146
233 154
345 299
3 247
350 152
134 309
230 308
106 315
36 117
270 132
53 316
205 6
338 28
141 116
273 383
254 152
146 1
79 183
66 383
73 298
96 133
132 374
333 232
143 22
367 57
242 239
88 165
117 316
120 378
34 54
162 99
137 295
14 144
345 388
147 378
138 270
379 229
74 278
39 9
260 330
26 14
389 106
211 6
268 199
272 130
2 55
16 135
70 334
221 359
278 214
26 375
119 29
322 289
309 106
112 282
331 53
223 99
194 186
56 199
1 23
112 361
232 307
270 153
237 26
366 141
222 203
155 299
321 71
163 206
365 374
22 279
26 225
122 157
284 252
310 18
186 36
83 97
28 249
85 333
301 123
141 7
365 222
222 377
61 208
157 326
251 155
259 286
269 226
163 305
78 113
190 160
195 183
219 45
204 68
316 187
137 133
250 179
125 336
168 98
167 289
25 82
118 305
154 42
162 333
91 132
184 54
123 346
289 249
272 95
77 303
170 172
171 253
31 322
3 366
277 261
6 132
33 314
217 386
6 23
372 134
362 291
128 385
97 182
332 366
336 36
279 284
247 278
159 369
220 171
147 125
6 127
178 166
37 225
242 26
247 191
284 81
161 87
163 234
365 346
279 277
101 346
109 266
351 349
100 211
101 171
46 115
34 244
219 48
129 357
7 380
317 249
103 215
161 104
308 233
297 51
170 323
21 386
133 19
194 3
340 230
165 386
293 232
78 252
335 152
150 263
83 301
86 255
253 144
92 133
177 264
349 50
333 216
292 138
11 92
233 92
363 311
346 357
368 79
244 324
155 35
271 307
331 108
78 374
324 5
209 278
338 284
48 79
174 78
358 219
50 232
288 296
54 85
21 176
332 84
88 359
81 348
137 66
160 173
237 81
257 179
373 108
304 242
252 370
258 210
93 234
247 322
139 355
304 65
33 72
72 253
382 286
224 355
4 20
200 129
117 137
128 5
219 28
371 274
116 282
380 9
140 29
373 230
283 223
308 205
257 86
283 46
167 58
387 173
174 88
158 331
159 347
144 91
181 319
75 347
354 59
173 224
163 86
75 296
173 113
253 195
18 200
364 279
231 193
127 48
115 143
246 123
262 184
12 74
275 114
27 88
195 116
24 108
81 13
13 54
89 253
307 361
111 153
56 358
76 151
42 259
250 27
234 193
342 54
127 371
202 134
93 106
62 81
75 294
221 198
295 142
61 178
95 56
286 301
300 106
250 364
13 384
148 214
59 334
67 286
270 282
57 276
59 191
370 373
137 103
195 98
196 380
89 273
225 260
213 69
306 50
127 94
243 287
375 234
70 170
199 7
240 252
264 348
262 71
342 64
255 316
274 365
22 56
209 42
262 60
173 196
86 69
203 155
218 75
247 242
288 123
14 338
38 43
354 244
377 128
198 301
96 254
219 168
1 29
75 50
351 193
26 15
233 20
31 361
2 52
221 160
3 93
174 238
268 266
252 135
328 186
1 372
226 156
64 47
106 115
162 289
35 53
346 127
184 323
104 180
53 229
152 21
161 217
48 373
370 64
82 3
213 193
287 261
333 146
191 195
269 360
262 33
266 44
179 312
52 69
36 249
244 68
104 345
198 72
36 328
312 209
121 45
174 33
288 255
142 206
236 221
355 83
323 26
164 352
117 384
306 209
380 212
20 137
327 319
359 84
144 11
53 79
165 80
304 321
51 25
347 104
317 230
137 141
156 255
376 284
221 330
21 157
224 7
44 274
360 28
100 70
229 363
49 298
236 211
309 259
202 280
80 26
81 375
83 119
157 335
251 67
52 144
75 273
333 14
259 186
197 259
263 41
217 113
219 333
310 76
111 222
281 378
374 41
33 28
90 39
384 125
355 300
84 374
362 205
206 126
32 162
369 53
347 337
79 232
7 383
234 3
16 210
270 125
351 114
213 125
86 229
331 67
37 378
61 356
249 329
269 140
99 308
81 353
375 67
208 295
53 380
59 109
243 303
288 163
255 42
241 306
97 216
29 41
92 341
4 182
201 251
112 69
366 261
279 93
104 276
58 135
71 287
88 157
46 285
253 168
8 41
288 297
152 365
261 95
64 309
246 120
161 347
88 232
281 52
343 249
9 341
285 32
24 321
267 167
213 222
272 170
65 277
76 250
256 106
81 340
317 171
318 11
179 182
235 309
128 94
148 17
11 185
250 225
110 231
369 162
8 161
136 29
98 211
100 104
32 280
130 3
245 241
340 251
274 204
135 370
232 137
342 338
202 119
120 137
28 18
148 193
230 312
96 353
388 188
261 74
337 9
13 164
201 151
104 368
306 169
111 152
171 31
48 157
326 258
387 154
10 297
265 39
178 342
225 145
335 220
191 310
176 128
267 351
272 302
366 296
223 225
388 74
42 198
212 67
240 375
78 346
304 110
382 315
378 92
346 328
224 144
148 70
27 41
106 255
33 181
1 377
59 47
319 12
220 26
183 134
192 182
250 372
53 97
256 269
313 204
60 328
344 383
194 217
202 137
7 303
249 242
182 307
214 261
78 309
137 293
10 61
156 12
67 36
89 215
182 162
276 291
314 90
132 37
10 371
92 219
165 187
241 250
168 166
332 23
117 205
84 333
231 117
344 50
144 166
292 306
239 21
242 228
281 122
286 19
142 276
76 99
214 332
3 109
239 316
22 274
213 199
75 303
22 88
170 177
25 159
287 172
41 127
174 146
137 153
204 167
205 47
136 95
92 58
361 296
362 327
292 110
330 313
97 18
44 68
137 49
138 385
360 369
353 374
196 159
308 46
201 44
380 190
149 135
128 6
55 14
136 70
29 261
143 269
39 161
339 101
252 116
109 285
128 255
162 258
32 29
77 133
334 347
136 254
16 238
126 25
241 388
114 138
196 131
311 40
252 28
326 149
329 183
333 381
100 88
173 382
110 17
152 252
334 228
319 368
120 176
109 56
3 42
376 270
374 361
158 208
19 289
313 137
62 175
164 78
386 192
316 257
339 224
126 184
74 386
383 299
59 225
228 370
34 157
367 210
374 352
176 295
13 118
330 202
338 305
56 289
331 345
8 132
145 29
130 363
258 385
314 354
85 208
105 191
86 139
352 219
316 49
300 155
191 9
211 272
180 318
326 309
127 17
365 337
330 245
188 334
371 86
320 382
249 328
47 133
231 55
144 113
177 255
106 175
52 103
40 305
60 231
279 71
69 383
287 7
200 332
156 116
68 246
219 297
59 278
350 166
297 58
264 141
260 355
361 21
57 167
241 130
150 50
336 154
287 127
366 266
187 59
316 80
317 350
166 43
326 89
296 79
186 241
102 5
123 384
219 302
147 189
349 6
29 33
142 181
54 43
219 351
113 315
8 356
151 356
337 37
304 191
33 151
60 245
151 46
63 343
104 284
341 81
217 35
18 212
271 314
389 146
357 268
33 78
159 207
152 183
208 52
323 261
70 228
219 340
93 29
43 319
136 373
285 278
237 72
293 374
156 210
232 131
123 33
14 176
325 240
239 277
349 234
218 92
38 187
265 382
85 101
331 237
170 293
45 205
103 12
92 291
242 198
206 303
28 314
327 361
13 373
181 174
257 374
9 279
303 155
52 300
229 180
211 111
212 359
287 194
53 134
271 115
96 354
370 321
10 190
39 152
366 294
171 325
151 53
300 299
91 191
176 281
85 186
309 19
380 277
190 270
356 18
138 173
236 133
131 371
174 104
285 368
303 17
369 106
315 18
355 382
191 305
93 302
20 114
331 3
80 257
373 255
300 49
345 296
238 29
4 10
351 262
84 312
315 346
56 164
57 282
387 19
103 136
341 126
93 344
74 340
350 313
66 378
12 303
346 26
275 26
25 345
103 48
16 116
126 147
364 87
167 169
64 187
301 13
86 91
342 177
381 362
293 174
388 57
135 337
232 230
233 248
370 387
305 308
327 382
220 385
133 280
263 247
213 174
130 255
371 337
82 305
301 6
107 244
270 149
18 146
54 139
276 324
114 299
27 352
175 343
144 350
248 301
374 123
105 387
17 116
338 117
53 276
291 57
224 116
43 159
309 112
42 349
163 269
97 17
81 191
304 341
12 30
233 4
217 309
128 104
4 381
9 78
102 157
106 208
18 132
165 371
203 128
280 194
29 260
363 13
110 156
97 185
334 115
62 340
362 335
217 141
182 39
383 343
350 83
150 28
50 279
310 342
331 258
118 78
28 354
123 113
127 148
363 2
337 182
177 269
344 96
182 62
332 52
387 236
192 281
48 62
157 372
323 116
291 95
93 87
385 329
118 65
293 304
370 24
376 271
215 341
289 6
37 374
247 275
144 4
384 120
148 129
171 288
158 62
85 214
310 360
342 314
179 196
164 144
184 249
206 224
65 138
314 1
205 163
370 82
199 389
385 298
316 236
64 67
119 210
29 198
177 197
52 153
81 213
310 315
189 256
281 39
299 320
126 51
110 201
220 44
262 329
28 49
249 17
286 323
252 42
143 181
96 209
206 26
337 153
34 155
1 66
57 157
242 163
8 140
30 215
214 69
345 154
381 161
309 388
388 76
111 8
386 322
377 92
288 54
385 26
171 60
159 216
259 356
333 213
356 199
129 181
109 133
171 218
177 247
320 156
200 229
314 373
300 251
107 124
216 368
141 90
138 180
87 249
326 292
256 341
98 160
78 51
177 290
217 251
280 127
156 165
268 129
70 381
110 188
202 240
189 195
204 153
26 258
258 115
277 46
136 24
250 343
181 386
327 242
347 365
187 362
25 174
87 359
56 137
75 234
151 380
214 110
53 292
203 251
60 141
150 188
331 75
339 373
366 83
186 317
259 129
25 6
134 181
357 253
175 285
288 202
109 339
346 7
386 4
151 373
305 45
13 372
208 261
388 70
279 106
230 97
307 357
313 306
45 180
150 209
218 85
208 35
49 383
160 267
173 208
292 213
247 73
217 383
366 295
222 232
279 39
140 299
188 225
40 111
276 272
102 56
215 285
18 388
327 217
279 321
123 233
306 353
53 142
382 204
317 51
196 368
268 165
179 143
272 288
319 1
340 122
178 109
180 182
308 355
97 155
259 244
117 72
373 254
284 303
360 93
215 282
152 329
195 214
313 314
358 76
362 3
291 5
116 54
136 172
373 385
174 338
197 280
3 107
167 74
350 318
372 207
335 42
284 147
382 288
94 238
386 232
49 354
287 324
108 62
271 73
3 369
133 104
137 109
165 327
255 31
101 304
141 250
112 374
25 148
176 216
15 44
292 201
299 162
122 202
282 291
349 281
72 162
328 12
331 41
132 46
195 371
107 21
72 49
218 48
365 266
77 256
279 378
29 232
197 44
289 347
141 10
109 75
273 146
369 230
354 274
192 377
143 262
110 154
369 300
339 94
197 388
91 372
146 300
312 188
95 174
80 40
155 77
232 318
358 290
329 338
220 218
243 222
366 34
103 175
178 185
34 95
328 171
226 50
278 228
319 34
104 348
235 57
270 23
3 79
167 110
375 310
215 289
217 130
383 342
311 149
59 356
267 339
310 152
287 45
294 81
5 386
209 164
233 219
312 219
330 198
131 308
4 78
211 185
194 332
92 185
46 101
375 113
108 25
76 50
316 78
299 341
227 284
59 91
187 142
136 118
28 60
376 197
211 238
313 143
60 7
29 91
359 78
342 2
270 351
207 42
85 356
216 34
217 271
293 343
257 286
59 227
149 280
244 45
247 48
358 29
219 293
228 182
229 219
213 113
253 154
295 32
122 168
16 55
380 200
236 197
241 150
260 280
153 309
29 197
56 93
136 353
30 124
69 372
147 320
168 91
133 200
299 13
85 79
159 210
218 119
151 81
168 234
95 122
194 236
223 267
179 164
380 310
313 379
120 1
321 128
104 272
382 385
144 342
282 214
48 258
122 265
108 351
53 63
290 323
203 95
142 324
260 383
357 222
285 220
125 82
313 116
128 212
55 267
100 205
338 176
122 62
216 55
219 2
316 82
88 241
364 294
359 29
269 298
180 270
143 369
56 329
241 185
79 83
192 381
218 155
261 274
65 228
17 377
345 20
262 307
69 240
92 252
6 298
333 198
299 385
267 216
110 61
330 383
131 175
115 50
189 125
338 162
319 132
37 57
316 96
322 196
323 238
44 231
305 277
145 214
247 347
58 71
3 135
153 361
206 301
189 118
154 136
348 180
179 128
181 172
279 101
228 262
322 223
72 128
90 291
147 357
370 38
193 42
50 62
86 287
143 145
206 389
188 144
360 255
344 89
181 260
146 358
57 270
297 165
335 357
337 14
173 238
365 3
275 304
349 308
335 266
320 113
334 11
337 357
63 6
47 375
303 162
57 89
8 200
196 191
179 97
364 99
238 342
240 81
99 193
216 26
366 250
349 269
235 103
236 308
385 119
242 158
320 161
208 328
40 373
294 160
237 42
240 274
58 178
242 320
349 272
134 7
145 372
276 295
170 372
11 18
175 304
51 139
290 199
163 175
53 267
170 93
136 282
326 29
369 235
115 388
209 191
210 71
46 289
379 267
346 112
112 280
248 296
376 349
326 362
224 273
197 34
145 68
185 272
43 267
14 237
269 91
312 344
17 157
371 192
144 139
287 280
143 242
3 209
188 262
336 204
87 273
36 353
151 227
279 46
229 85
304 303
323 16
173 274
343 205
220 115
351 29
326 223
306 219
127 113
276 316
4 89
278 93
316 384
356 63
305 292
35 376
170 167
230 358
269 71
352 67
170 54
7 279
100 139
155 253
249 138
179 316
364 205
40 171
168 96
147 163
199 86
182 138
96 387
96 55
259 216
61 348
283 155
122 346
321 314
118 221
338 210
37 105
312 51
38 306
385 374
187 27
388 136
100 357
227 375
378 316
310 118
352 371
173 379
67 351
142 213
116 379
6 238
303 320
131 213
27 4
377 79
179 193
35 68
365 203
316 62
28 84
36 86
62 324
67 155
148 131
26 118
190 87
105 42
52 156
363 212
254 67
1 126
293 295
114 187
224 18
43 253
213 31
66 227
322 281
327 8
242 87
176 100
377 178
287 229
237 208
237 283
244 134
128 118
221 146
125 374
147 323
389 386

375 1600
215 357
70 103
38 124
39 70
352 280
119 308
28 162
266 302
202 310
293 2
173 247
46 127
58 130
167 371
125 271
184 137
59 97
336 127
265 328
305 225
254 54
314 128
357 46
12 50
343 15
1 263
224 72
316 83
179 221
312 272
62 145
319 119
217 72
311 248
149 202
120 342
339 129
270 171
211 296
45 191
219 312
257 80
345 322
112 24
341 92
115 53
152 41
316 242
27 65
69 17
129 324
343 327
205 237
72 120
195 114
261 266
130 325
61 187
264 119
309 251
40 106
296 334
207 119
16 2
263 60
299 271
158 13
311 74
108 241
22 193
350 306
310 49
84 316
179 96
117 308
101 229
156 139
287 69
275 239
245 144
324 222
329 237
350 309
122 131
163 274
128 325
5 348
269 215
271 66
37 75
202 327
243 196
154 297
228 204
89 161
53 262
220 22
104 60
181 88
56 372
261 16
121 133
231 120
269 220
338 126
87 68
269 33
91 1
19 147
78 313
136 85
282 329
12 338
144 346
110 142
128 339
172 31
355 265
191 216
266 84
303 41
363 242
61 103
122 119
234 38
183 99
276 252
282 336
302 226
159 10
375 290
363 346
71 37
340 186
30 321
94 2
288 341
16 239
36 104
220 221
140 121
12 241
268 318
197 352
344 172
112 184
245 116
68 63
145 164
23 351
85 343
195 267
34 234
291 82
324 170
352 51
265 151
11 375
160 80
72 210
347 319
264 238
366 341
307 16
292 145
58 124
171 250
372 348
155 68
196 309
296 174
42 101
9 116
301 110
231 294
158 66
56 57
38 249
3 41
232 197
93 178
188 234
281 371
309 240
99 260
244 366
344 18
184 6
317 225
260 332
16 217
326 113
263 47
141 132
163 340
336 26
74 319
81 167
193 155
285 309
88 111
165 305
333 9
118 95
155 195
195 56
215 255
180 249
43 252
189 373
227 62
304 91
51 332
308 232
328 81
166 295
5 259
232 368
359 65
54 90
41 55
265 100
38 147
79 247
309 41
150 262
48 248
51 341
14 347
254 257
20 163
149 86
260 207
361 16
56 300
245 371
361 366
286 96
252 267
367 127
26 319
246 297
208 238
107 70
36 257
26 365
324 4
75 96
39 268
149 95
132 307
32 329
236 68
348 123
172 297
158 161
288 64
180 214
352 237
300 133
48 246
253 163
113 174
334 92
67 291
253 20
58 34
247 97
266 23
16 173
308 27
182 350
239 86
5 69
284 28
330 155
248 256
249 41
302 29
20 119
357 206
201 31
130 5
321 248
274 206
130 331
282 190
146 20
43 209
254 317
58 69
98 281
281 290
320 350
71 227
202 299
60 272
23 92
71 368
257 330
82 148
43 304
303 310
184 166
372 253
210 240
138 277
307 32
2 187
313 188
286 52
325 7
310 357
315 17
64 170
121 354
88 32
125 229
368 299
366 298
24 114
209 74
232 245
358 32
289 82
105 210
329 235
231 244
350 137
265 42
269 221
57 200
222 71
4 158
243 254
81 239
340 22
124 331
125 254
40 287
234 93
180 324
363 44
22 258
119 369
49 285
105 259
39 254
137 24
129 310
353 301
228 181
59 34
50 86
288 122
36 338
139 25
356 12
107 24
146 318
20 347
224 139
304 307
142 278
274 45
60 171
247 200
160 76
197 198
253 300
292 22
352 158
336 56
120 170
69 196
264 128
176 219
86 342
288 351
217 303
323 45
343 54
187 103
66 130
90 268
184 329
259 236
334 101
227 109
247 267
290 215
347 337
93 352
244 274
211 20
197 41
217 304
220 222
151 253
16 245
91 30
165 374
157 135
253 100
294 371
215 168
164 272
259 60
98 12
279 33
231 296
345 42
163 111
273 136
132 136
27 370
57 20
265 231
214 194
74 266
88 98
54 225
172 148
137 142
178 175
125 361
367 203
265 159
348 191
277 117
190 195
122 355
168 90
218 8
291 265
306 301
199 288
364 174
238 190
76 45
223 174
316 73
281 89
9 124
203 67
162 153
246 372
320 294
312 229
205 283
298 277
172 100
237 288
244 185
8 130
319 356
185 128
101 60
89 330
367 217
20 165
349 57
356 221
375 286
219 335
57 152
297 92
89 290
198 140
73 56
209 115
247 10
352 208
302 9
167 15
170 241
119 310
69 147
241 140
36 179
94 52
369 32
45 59
284 84
252 206
324 323
272 345
327 107
265 187
250 321
116 50
320 330
29 35
72 69
20 282
248 374
318 3
178 260
166 144
368 213
186 324
157 197
322 241
311 111
14 171
198 9
241 348
9 342
318 296
374 334
32 70
76 362
260 353
236 45
129 155
354 32
215 91
200 272
204 149
290 138
83 134
356 296
106 45
173 318
287 330
254 315
93 231
114 44
69 142
253 44
255 280
365 125
244 228
99 228
28 312
363 171
130 181
149 322
335 257
72 173
161 13
208 32
212 357
345 329
255 257
167 273
151 59
232 347
289 201
241 208
345 215
243 75
234 193
308 66
94 136
131 158
297 170
248 237
205 12
81 6
100 294
137 308
108 243
146 7
95 73
118 250
83 68
52 167
57 276
129 231
241 90
85 281
345 196
93 297
239 117
114 315
264 126
138 206
139 212
103 287
309 103
20 238
178 55
315 177
206 79
69 98
221 167
222 79
229 48
324 176
125 246
188 90
151 70
231 148
86 180
125 316
201 276
348 221
352 339
370 78
99 184
267 299
180 98
11 245
195 80
229 177
232 235
349 194
372 210
373 204
121 35
303 186
214 190
59 137
277 278
123 240
75 184
172 168
317 185
87 282
41 137
232 210
307 330
304 9
5 250
145 50
363 122
368 335
80 339
133 215
162 307
17 137
242 46
215 314
329 24
25 311
289 336
149 265
99 361
339 320
71 322
104 320
46 247
269 353
272 80
94 206
140 334
32 326
280 95
270 115
75 325
131 126
318 266
327 23
196 100
236 211
309 259
110 27
374 235
78 64
354 2
139 313
216 95
344 20
129 214
315 88
26 288
154 285
13 230
343 213
169 312
234 52
200 23
73 367
71 152
227 211
299 334
320 4
88 224
125 165
126 13
97 281
374 177
265 323
88 143
181 100
20 166
21 16
208 78
100 116
212 240
345 363
219 155
337 52
201 11
51 108
368 216
226 218
149 84
228 359
342 251
347 236
96 103
281 219
301 232
3 175
187 346
118 141
121 210
286 215
146 263
370 348
286 203
33 159
271 141
197 308
107 257
201 324
261 189
245 88
246 350
319 75
85 84
217 68
97 209
5 184
308 111
65 351
222 102
116 346
190 79
361 341
158 186
358 58
326 83
204 238
195 238
307 207
39 113
208 51
291 301
103 101
89 308
35 157
111 37
95 266
11 185
18 206
306 158
20 186
243 124
26 33
290 23
313 289
274 323
311 113
324 236
25 9
321 24
234 241
37 263
241 222
78 6
261 57
266 180
12 75
34 184
270 265
145 91
206 305
341 311
252 297
257 328
29 303
43 162
289 95
114 204
223 9
261 34
335 47
282 89
73 116
256 121
156 143
200 262
54 161
221 282
280 158
314 72
173 296
287 288
283 208
293 68
169 206
208 31
32 301
38 280
206 259
359 340
40 204
150 346
280 229
155 326
325 288
92 45
222 274
174 10
322 348
86 301
218 32
339 54
125 4
75 141
77 225
208 336
151 208
1 344
126 253
181 131
59 36
375 176
364 372
313 100
345 315
375 147
267 298
35 214
217 61
112 62
152 15
226 42
101 20
112 141
133 228
9 283
141 100
15 192
177 283
324 94
145 175
54 99
123 294
171 337
239 18
303 364
16 299
36 243
59 50
226 148
155 144
213 95
245 25
357 138
90 64
53 124
224 300
153 224
322 111
291 174
281 68
100 136
37 244
130 310
39 208
82 104
48 365
313 127
354 158
101 301
174 38
237 232
95 314
248 24
16 327
198 49
71 317
64 53
175 355
288 152
72 362
259 265
133 352
300 61
229 353
141 224
364 34
236 100
211 192
275 359
109 332
226 161
302 250
10 75
258 362
38 79
294 272
23 164
61 337
174 48
358 326
269 153
53 87
90 69
370 304
153 302
335 231
232 273
375 281
318 144
314 347
337 74
68 369
125 171
55 21
160 97
127 104
352 179
121 199
375 212
361 43
204 28
316 211
53 193
166 373
317 332
51 288
39 244
132 103
233 200
310 347
203 58
356 223
363 304
93 50
118 58
359 211
270 218
42 93
246 158
230 68
88 232
374 189
122 267
175 263
251 190
180 261
200 6
294 261
259 357
86 364
215 214
99 144
298 91
261 85
75 263
62 3
301 79
157 202
103 199
52 29
107 264
146 38
41 223
34 317
15 333
181 117
20 181
274 123
289 307
325 32
18 325
202 124
335 317
63 343
177 122
79 375
296 349
316 333
339 20
161 339
18 188
120 20
177 115
112 195
41 201
261 174
141 222
98 285
249 356
340 149
196 79
141 303
307 68
348 258
336 314
319 131
103 242
101 285
271 28
215 261
153 364
124 134
30 170
306 361
272 153
56 150
76 233
314 153
81 242
6 260
317 188
301 34
194 124
177 28
310 272
296 105
226 246
283 357
368 101
325 226
199 130
182 222
330 136
251 174
27 309
122 310
325 115
97 252
44 106
119 237
46 55
250 25
199 341
147 164
122 95
123 71
216 24
198 216
56 12
38 369
225 257
261 264
163 215
96 18
294 339
170 286
289 177
5 21
154 298
374 13
103 281
130 117
242 155
26 2
262 163
50 188
151 144
316 146
269 36
368 225
374 267
12 343
135 201
338 344
35 328
347 324
350 126
263 247
199 320
132 271
333 111
136 202
363 142
320 91
251 142
196 366
260 250
32 248
17 116
53 227
310 137
123 99
35 175
183 127
369 231
45 122
212 96
103 260
14 97
181 300
273 106
349 74
337 213
28 244
341 363
288 361
142 372
100 137
39 286
48 217
159 255
162 305
44 173
324 77
55 348
40 342
125 152
137 320
341 27
215 348
163 225
185 76
258 106
356 261
352 112
210 188
301 328
218 49
172 151
228 372
104 314
341 179
296 33
46 326
141 135
237 281
187 329
61 336
63 92
304 48
74 304
239 192
27 106
192 272
298 254
331 122
258 310
373 6
302 2
50 107
143 172
241 262
39 79
226 296
355 193
231 57
368 84
129 54
297 88
160 155
332 231
82 186
138 53
141 40
307 256
346 176
273 368
3 27
7 45
146 68
331 192
116 342
355 343
359 210
52 96
293 149
60 224
98 47
218 315
225 347
302 12
323 137
316 226
190 74
247 111
375 90
224 182
149 308
173 3
329 202
64 105
321 11
284 167
235 16
236 162
74 158
313 164
251 295
270 314
92 302
129 135
221 78
222 100
83 21
57 357
58 349
352 114
134 35
150 283
312 61
286 180
143 128
75 29
25 174
193 202
30 185
32 200
142 189
314 49
304 285
185 340
99 135
243 260
374 147
175 90
131 260
334 171
102 370
176 5
369 200
317 360
106 19
239 305
49 177
143 150
253 34
165 22
201 149
37 189
276 272
282 52
85 118
182 294
80 85
209 375
264 337
265 37
230 305
239 110
35 293
130 19
325 368
115 6
113 108
275 237
151 77
135 151
85 142
322 208
325 293
39 134
97 334
353 241
78 22
191 168
37 77
61 34
298 46
18 56
252 313
184 201
224 96
4 297
300 282
103 280
164 38
44 89
177 181
106 302
19 32
368 147
367 69
97 126
117 312
325 220
111 177
21 95
152 343
207 73
320 190
310 322
322 138
186 199
152 328
168 113
270 127
302 220
50 77
74 71
276 308
300 82
212 201
260 138
273 1
35 174
329 314
147 287
23 103
332 176
278 92
124 50
3 65
74 260
61 10
46 91
293 247
370 148
229 95
300 177
107 114
90 166
65 368
164 203
313 125
289 228
128 241
128 96
117 284
7 269
179 249
366 163
188 121
180 291
15 217
93 180
134 372
122 356
88 300
57 137
281 286
33 333
344 16
321 84
158 71
273 133
26 343
43 298
175 362
57 33
68 42
303 139
117 168
337 63
108 16
238 265
185 310
77 181
167 322
157 253
233 308
114 186
46 149
194 303
175 371
1 223
213 226
345 359
254 363
336 345
7 182
28 217
143 77
36 137
310 312
222 3
259 23
80 163
27 349
154 127
159 210
194 236
202 265
111 337
4 202
25 272
81 147
266 103
16 263
365 183
206 243
300 140
214 371
272 32
128 212
305 57
346 272
20 81
280 190
338 67
284 11
71 280
220 35
92 229
310 84
3 153
209 266
339 17
251 294
52 192
336 334
190 114
268 373
43 329
245 189
192 39
247 20
277 45
301 215
2 264
163 138
312 133
203 35
119 256
356 246
344 75
50 293
179 187
79 201
210 104
83 138
123 35
162 263
350 323
43 223
247 343
248 257
314 45
23 301
101 355
122 216
197 69
93 20
111 373
115 59
176 149
324 11
108 106
148 27
21 275
105 130
31 83
35 20
111 156
205 348
121 2
48 302
158 295
260 168
118 236
300 255
36 76
292 214
10 188
251 119
359 238
277 215
278 207
279 98
119 52
108 240
80 268
209 229
147 219
43 90
141 351
113 293
215 116
204 190
13 43
289 85
162 221
349 243
91 363
224 259
243 84
338 247
243 209
36 114
184 202
368 236
282 80
180 321
257 5
190 318
228 117
375 230
375 301
50 43
22 77
25 146
370 219
239 150
340 352
362 248
236 4
149 241
9 89
254 53
111 67
245 99
210 71
218 311
161 188
15 196
281 144
219 275
310 5
168 169
147 95
370 345
123 108
178 132
225 298
282 230
63 352
163 204
236 235
128 228
108 45
227 178
64 368
103 177
272 269
114 288
80 336
325 280
138 317
198 275
356 142
268 7
84 363
19 167
367 192
126 100
36 372
281 363
211 179
243 340
235 201
166 244
316 193
190 165
122 16
158 50
228 335
328 211
38 248
204 267
262 346
84 59
210 7
252 31
242 37
17 135
206 7
374 211
6 238
101 164
87 316
172 145
340 69
55 25
166 4
59 90
215 343
231 311
91 144
54 260
42 308
278 102
188 298
102 309
86 4
346 260
40 241
223 149
173 22
199 172
327 123
113 43
224 18
277 8
250 305
214 358
75 115
9 142
319 274
286 233
109 261
286 347
244 371
356 162
214 64
218 143
40 333
100 175
287 27
92 97
292 192
279 184

344 1962
178 45
143 183
5 178
115 94
5 195
192 42
41 256
223 40
32 77
236 165
260 181
174 72
212 251
291 8
90 53
2 73
115 39
280 16
274 223
20 82
259 4
104 280
306 25
255 78
187 173
133 313
193 247
291 149
227 55
100 245
263 310
315 253
59 14
278 315
48 285
210 110
229 109
302 173
303 289
125 257
164 182
205 244
207 240
64 98
210 1
139 7
44 120
172 69
19 1
2 204
171 263
17 43
202 249
330 50
296 126
120 23
49 45
32 113
258 275
24 146
27 252
33 68
329 75
135 72
47 154
34 189
70 210
57 191
221 94
59 175
160 176
341 298
271 202
108 107
109 115
221 260
264 78
119 62
66 166
108 301
208 150
336 91
134 162
65 102
173 171
116 268
81 297
15 131
122 248
141 293
256 102
313 302
223 343
133 123
137 120
123 67
33 191
111 55
276 216
214 292
332 151
325 259
238 153
9 332
228 64
305 262
145 266
76 140
97 113
171 160
101 148
56 160
238 343
279 5
8 1
131 18
10 55
281 133
32 103
124 40
87 148
98 271
244 260
7 104
320 162
255 306
58 192
190 22
246 83
156 130
324 182
235 277
91 8
291 7
111 69
239 112
100 298
155 129
249 94
232 226
233 244
214 310
14 147
45 314
202 108
276 288
101 309
50 40
159 149
114 327
152 157
47 190
162 10
181 286
184 99
57 219
185 270
252 306
41 130
35 51
329 159
132 33
4 159
74 173
59 339
224 147
295 291
161 270
185 205
300 189
301 148
108 264
270 133
2 160
32 140
234 216
142 193
310 29
4 226
250 56
277 130
133 88
15 164
4 256
155 289
319 39
31 36
17 139
23 149
262 248
63 34
52 273
1 176
311 158
236 114
164 279
241 121
209 16
250 178
234 40
20 24
3 32
23 61
135 242
193 111
321 82
57 21
24 202
188 211
206 220
312 69
320 133
30 254
33 330
1 289
274 129
150 130
6 135
175 254
260 67
298 154
300 170
263 47
330 196
149 59
9 131
135 120
303 92
113 7
131 327
223 286
153 246
344 96
342 120
161 7
121 223
7 260
299 343
17 237
19 180
40 154
204 200
332 277
193 121
283 302
137 31
181 29
75 125
183 244
45 243
211 64
320 147
191 229
177 193
87 308
108 18
75 276
330 20
96 292
6 113
172 137
320 2
232 164
303 268
126 15
263 35
186 224
222 169
282 194
87 239
205 160
304 42
236 199
56 293
113 276
236 173
79 70
175 36
196 255
200 250
80 165
134 61
84 226
103 205
71 292
124 323
252 37
145 232
211 78
41 56
88 233
11 170
287 114
236 77
189 278
192 43
229 122
274 116
203 166
99 25
245 90
102 6
315 331
99 102
317 35
135 92
50 235
269 128
93 7
330 331
272 192
130 162
120 10
140 258
31 107
309 59
105 318
211 92
269 185
146 196
314 136
333 92
207 8
320 255
302 323
341 295
15 111
271 145
202 255
340 97
51 315
17 194
204 235
243 256
209 240
229 253
109 162
316 329
261 67
181 161
112 104
338 51
323 208
168 57
336 101
103 326
159 176
271 310
184 270
330 277
191 221
42 283
11 121
195 228
32 194
202 158
105 247
215 110
239 100
296 102
67 79
344 317
110 243
93 329
279 212
265 208
156 84
252 64
307 32
240 205
3 142
149 115
225 34
98 272
226 3
30 57
106 246
231 316
36 300
115 288
26 141
199 15
108 73
284 322
288 330
128 137
317 262
130 295
158 117
216 28
164 324
220 105
90 307
273 324
90 52
330 191
97 152
326 99
280 274
62 181
3 252
260 152
62 294
250 44
344 41
57 286
79 62
193 324
151 162
79 175
85 148
119 273
87 63
108 224
36 338
186 163
97 145
315 269
29 98
309 146
330 265
245 238
153 150
9 206
248 146
269 207
80 213
141 21
252 307
103 274
199 101
311 282
120 170
47 209
288 224
111 291
295 333
322 43
52 179
55 333
203 332
227 322
137 155
195 308
68 275
14 292
180 31
219 76
330 73
103 267
166 14
15 272
126 120
327 41
132 41
284 311
7 86
102 271
267 288
310 344
29 150
259 147
9 263
228 157
65 277
319 38
22 229
193 6
138 188
325 92
200 112
117 85
297 96
172 14
119 202
68 79
108 38
324 243
240 118
251 113
150 136
22 295
269 61
56 51
220 68
21 320
297 258
138 339
301 133
144 320
255 55
2 249
334 119
47 236
144 10
152 250
316 264
102 313
285 290
160 138
216 87
270 195
103 208
304 223
89 133
223 54
319 84
25 196
301 324
30 152
289 90
92 335
132 344
78 67
235 218
153 296
335 229
28 198
312 60
80 168
134 64
31 141
144 303
86 237
143 286
167 25
60 53
51 247
331 167
8 130
50 261
124 284
214 79
52 158
199 281
202 216
38 290
310 69
270 124
271 301
114 322
135 216
140 229
180 316
292 56
279 247
50 246
8 189
172 294
51 109
271 133
262 7
319 242
174 286
341 65
291 45
19 197
40 137
22 82
229 193
251 188
146 64
2 221
148 300
167 15
226 248
120 219
215 212
315 255
210 308
121 188
159 7
285 262
214 89
320 4
183 60
41 72
24 16
79 255
263 339
195 41
260 32
171 48
120 115
28 4
180 258
308 255
292 46
156 68
249 340
242 214
51 123
342 133
30 56
271 139
83 330
155 169
319 224
174 296
342 323
117 119
65 145
247 322
95 85
206 104
226 305
211 95
340 140
125 104
307 125
204 128
99 255
335 198
127 237
29 173
132 202
80 139
100 265
135 175
251 210
92 182
239 267
243 259
263 11
144 204
168 194
4 19
170 234
99 151
276 101
153 163
226 225
300 229
101 89
90 234
253 270
120 136
138 164
71 77
21 62
244 297
315 36
140 23
184 73
75 231
157 319
69 24
114 265
244 18
209 80
174 317
203 69
337 74
215 256
326 214
119 275
263 142
50 323
285 189
51 38
166 309
154 293
321 201
91 60
156 61
141 122
177 113
247 294
174 2
92 196
77 280
261 44
248 133
191 175
267 192
35 297
97 96
235 286
338 29
319 13
49 86
254 153
213 115
183 135
259 293
23 115
44 207
185 52
92 195
294 340
116 284
192 292
123 226
289 180
53 147
111 217
86 69
252 309
275 323
236 302
117 2
187 274
264 244
214 167
54 107
292 127
22 64
48 16
105 65
306 271
220 201
43 279
136 285
195 80
125 324
342 202
15 80
184 212
183 100
79 183
156 10
127 76
300 285
169 145
98 322
65 64
230 335
253 81
146 131
260 306
208 3
123 240
36 99
310 326
148 82
70 232
97 297
249 253
29 156
302 242
89 177
343 49
206 134
66 131
60 18
5 292
264 226
92 168
130 64
168 147
314 222
81 268
195 260
130 243
296 162
81 202
53 287
59 72
209 174
273 295
187 236
298 313
100 80
338 327
283 135
284 271
266 270
92 167
129 171
244 173
54 239
312 47
226 54
135 298
121 271
304 217
206 144
151 106
176 296
180 157
185 78
267 141
237 226
153 243
8 149
318 125
339 216
70 280
137 344
168 272
315 67
178 172
186 220
280 206
136 115
318 266
66 291
253 132
167 99
22 313
63 82
70 128
92 328
327 164
94 177
150 40
174 162
75 164
225 218
107 215
163 28
186 272
91 192
140 239
144 234
25 204
210 176
56 288
188 293
44 47
83 124
28 222
47 98
308 1
65 296
135 273
174 303
74 31
183 94
77 2
79 153
246 332
212 129
146 70
147 172
152 13
23 187
26 205
154 6
65 62
304 44
305 325
16 43
283 60
117 189
279 326
297 236
118 84
90 320
290 324
170 331
26 212
262 221
300 32
28 189
70 245
55 270
167 159
207 4
88 127
216 52
3 333
80 158
139 189
103 196
31 123
32 126
40 113
96 126
171 51
9 300
283 311
304 75
314 28
100 122
119 270
156 308
47 136
344 65
53 172
56 309
124 215
236 70
86 130
206 335
313 62
77 45
80 292
291 103
285 32
86 270
234 143
256 298
119 263
191 138
195 248
51 210
141 311
93 30
166 257
244 331
305 54
164 290
184 43
222 248
279 83
192 59
322 201
325 241
180 223
326 74
243 258
133 303
245 42
138 186
333 269
117 224
123 268
234 281
149 208
12 35
182 343
80 131
45 37
211 325
235 116
138 315
187 265
248 265
91 217
217 95
326 220
95 90
226 6
12 218
33 187
314 267
209 87
286 280
328 238
86 148
261 145
263 120
102 32
159 187
128 330
224 30
59 328
208 24
9 217
264 175
175 91
286 58
141 290
238 132
221 84
242 251
82 327
178 156
96 14
74 44
2 257
185 39
210 233
232 262
304 110
286 146
112 326
227 301
32 210
185 257
152 1
82 245
219 123
130 159
120 47
246 206
260 219
126 69
155 170
330 268
315 176
190 138
195 272
198 186
328 293
279 31
322 181
71 293
215 119
128 49
275 322
24 322
101 124
319 53
344 276
253 230
26 157
255 9
266 217
175 316
310 6
192 316
29 17
250 53
33 214
197 37
147 90
313 219
296 181
22 48
170 89
119 110
306 82
112 141
133 228
300 270
3 109
270 7
280 99
249 28
177 283
325 104
236 232
292 103
241 243
97 25
189 62
146 326
292 246
280 75
12 245
252 159
223 197
86 199
72 167
55 217
25 247
213 192
119 65
154 75
34 238
219 214
129 287
238 171
5 10
316 190
251 44
161 260
162 138
273 149
192 99
339 299
295 59
118 175
306 166
1 103
171 307
335 17
77 133
78 230
171 320
17 240
90 210
203 134
186 210
212 117
343 264
108 198
115 268
175 156
104 27
49 251
268 22
242 185
2 25
226 206
342 290
144 298
163 22
182 278
295 88
80 322
226 161
188 250
330 195
139 126
327 344
237 293
151 149
299 315
135 176
341 263
75 167
245 278
178 164
179 270
168 82
149 145
105 327
269 257
19 294
257 119
114 15
8 53
265 23
212 317
238 212
318 108
285 306
27 17
89 328
341 335
2 337
41 237
60 95
66 306
247 188
93 129
77 327
152 162
226 290
228 2
339 1
47 304
340 302
264 313
56 296
332 32
6 289
122 41
197 244
331 303
244 49
136 154
158 186
144 287
221 340
138 142
85 74
272 46
147 180
167 9
315 128
340 309
171 276
104 134
216 53
238 284
26 314
254 113
222 158
133 316
66 241
12 277
86 244
335 74
165 43
344 66
143 41
128 286
150 53
299 295
191 285
232 269
106 145
75 316
293 333
208 278
261 276
137 286
156 219
178 72
79 94
183 164
186 248
244 340
279 202
313 174
156 163
120 235
56 317
298 77
26 86
318 8
66 33
273 204
21 268
209 245
145 276
87 140
164 1
207 109
27 212
30 163
102 331
189 120
321 253
104 251
198 238
18 183
60 139
134 28
319 320
100 24
307 110
169 178
298 342
305 264
143 322
182 118
333 261
196 182
198 342
271 115
31 55
44 2
299 266
29 189
276 221
316 301
279 96
101 64
230 27
20 313
160 35
273 335
298 337
272 246
68 209
93 247
76 145
117 241
7 118
29 5
33 194
272 144
75 158
268 164
38 172
296 80
278 192
261 264
301 172
170 16
3 248
25 139
266 167
196 164
59 177
149 234
225 169
153 180
29 143
69 8
294 323
329 256
76 110
60 144
38 198
164 214
111 58
39 188
259 250
303 182
4 241
281 314
121 128
266 174
205 60
226 131
320 68
303 206
107 140
181 51
229 332
176 72
304 29
330 308
21 80
170 183
281 259
10 195
37 112
282 290
105 208
112 142
113 16
204 284
54 71
299 65
253 111
312 180
115 114
243 41
132 179
319 324
281 66
230 279
246 161
105 217
108 162
278 236
135 327
232 212
214 324
76 274
92 59
276 306
305 294
81 258
121 155
13 307
36 148
77 139
178 184
89 184
103 81
201 188
37 243
111 92
318 286
176 307
86 223
253 240
15 209
21 250
336 41
300 71
291 284
115 64
287 157
201 212
59 210
2 194
245 259
16 239
326 123
203 185
26 335
229 170
210 188
196 127
197 119
114 109
238 186
293 250
204 126
335 339
42 240
299 28
331 210
206 8
61 336
45 246
46 252
304 48
309 257
258 20
189 65
10 238
69 54
52 146
261 319
317 306
60 65
226 185
128 170
266 342
14 125
236 258
110 177
302 109
74 315
92 142
147 22
241 151
96 329
250 88
124 196
125 50
299 253
320 6
118 114
195 60
251 203
324 131
15 132
38 239
166 48
222 173
133 201
279 190
283 244
57 44
38 126
225 8
170 334
253 5
237 278
331 337
151 337
172 237
56 99
94 48
174 285
31 124
184 135
205 196
171 60
245 93
175 179
287 221
163 157
165 225
35 256
55 264
230 60
71 136
50 69
220 34
258 214
276 169
223 23
336 116
34 252
326 233
278 12
122 201
271 103
110 53
239 228
332 87
104 142
206 333
101 84
85 234
89 239
198 12
164 180
171 42
32 89
161 112
326 224
75 29
115 130
306 266
117 229
20 329
33 62
298 74
250 124
200 275
238 303
257 137
94 37
154 326
137 262
101 93
286 300
161 152
108 308
184 245
192 172
283 208
319 123
91 261
254 243
278 30
135 78
151 206
308 76
105 242
75 301
257 130
43 324
138 145
154 321
246 251
274 93
133 278
45 180
67 219
108 322
200 35
110 95
23 214
301 211
120 250
177 130
131 231
318 59
147 118
334 343
59 19
275 272
156 33
282 181
162 280
109 255
90 99
181 72
1 15
94 252
190 158
47 174
58 59
167 186
30 61
109 103
291 28
100 289
138 194
302 203
110 254
113 253
229 132
252 91
96 130
95 74
267 318
75 323
2 33
7 255
28 256
252 140
200 271
121 179
24 125
292 316
276 294
212 270
90 278
225 48
98 318
106 302
36 120
75 143
204 92
97 126
72 164
265 141
119 147
218 320
267 21
198 90
39 180
223 102
152 296
265 207
168 21
275 34
17 3
150 8
152 343
190 179
52 176
310 322
6 156
343 53
254 63
135 329
143 313
74 71
185 56
28 79
315 305
267 155
163 263
7 85
192 309
321 313
286 20
34 213
291 171
94 107
277 132
170 78
7 287
30 25
237 22
136 65
90 264
17 100
248 309
67 165
110 5
62 317
125 45
199 305
220 218
316 184
27 55
248 19
18 133
2 331
41 316
245 127
223 74
67 188
161 64
147 149
330 223
295 53
100 83
53 313
159 143
146 240
244 168
194 59
32 322
307 199
139 157
103 164
24 160
133 221
176 299
294 287
317 103
157 13
131 325
6 306
210 43
154 269
128 103
202 210
292 237
65 330
52 59
260 72
9 309
265 131
229 210
282 220
57 33
133 343
262 239
268 151
191 106
47 241
68 42
214 217
92 176
2 127
334 237
101 174
121 173
168 246
164 258
55 230
168 282
205 64
335 327
140 175
222 342
276 157
225 328
170 43
13 116
145 241
330 200
277 122
7 33
285 202
143 220
36 58
147 25
334 244
34 240
271 184
220 190
183 42
205 121
298 230
12 146
180 198
3 26
41 211
301 289
272 41
74 109
131 299
80 124
298 280
209 280
214 235
54 95
104 129
103 123
13 132
83 247
1 184
274 118
203 164
21 181
265 182
157 96
306 240
20 168
95 99
23 205
337 145
228 11
325 37
298 89
10 152
100 263
49 60
251 216
41 221
25 59
229 315
304 78
148 311
95 104
25 164
130 98
177 158
292 185
20 294
314 138
124 210
126 218
18 323
273 201
257 183
222 244
278 314
151 40
64 242
154 108
174 300
14 175
313 67
301 215
3 158
22 174
262 194
119 256
123 264
145 110
267 86
237 256
77 193
336 325
311 291
285 276
310 260
223 247
63 131
304 237
12 182
113 201
295 108
247 130
302 38
287 310
181 69
92 251
100 107
283 64
177 136
231 85
328 268
123 75
341 299
201 147
266 198
214 300
173 307
70 69
73 314
24 338
47 240
271 125
298 61
17 38
112 100
300 293
1 157
242 20
60 115
188 56
192 187
140 187
159 164
145 267
113 340
21 67
34 206
241 165
313 304
280 114
245 224
299 261
12 204
124 246
257 326
278 198
63 190
14 105
88 212
72 142
313 95
332 141
300 102
234 238
312 161
59 322
116 273
104 67
268 206
269 216
256 115
149 232
298 47
279 3
155 17
33 263
221 272
170 207
260 246
26 145
281 143
193 61
129 67
149 241
281 118
157 262
289 313
37 198
10 56
197 104
14 149
72 188
37 343
22 213
336 70
245 20
130 286
229 330
322 338
90 125
171 309
114 71
243 34
99 188
173 168
150 270
316 171
324 187
274 38
293 282
276 326
167 305
300 265
267 13
158 251
187 303
8 21
134 128
282 9
217 129
219 165
291 326
12 97
37 103
310 143
168 319
154 254
167 302
290 190
151 80
136 66
176 318
233 232
270 13
165 217
298 112
119 200
304 343
241 42
17 99
218 171
37 96
294 204
6 143
291 32
77 26
151 105
253 142
44 175
173 258
232 108
289 251
55 297
28 253
12 23
31 320
126 141
308 48
220 210
247 61
322 148
282 243
214 340
289 3
164 243
131 311
85 36
311 237
169 25
122 27
86 13
287 132
256 45
94 93
87 102
227 54
104 331
236 261
104 5
177 260
290 253
164 73
2 124
116 322
316 284
250 95
341 201
341 260
70 279
298 192
121 285
174 273
341 186
77 196
21 315
3 20
23 73
299 23
91 113
85 248
74 99
334 74
156 299
197 103
74 242
292 141
237 258
177 251
158 39
54 244
98 18
172 314
10 102
5 52
322 225
200 328
2 300
44 17
135 215

270 168
30 187
187 59
59 188
188 183
180 189
189 20
23 190
190 80
6 191
191 104
48 192
192 31
30 193
193 3
82 194
194 181
167 195
195 141
92 196
196 3
166 197
197 64
96 198
198 17
116 199
199 170
143 200
200 136
175 201
201 74
158 202
202 165
163 203
203 103
38 204
204 27
122 205
205 48
111 206
206 23
91 207
207 119
29 208
208 167
29 209
209 93
17 210
210 114
31 211
211 155
156 212
212 42
48 213
213 99
44 214
214 12
91 215
215 140
157 216
216 181
15 217
217 42
123 218
218 48
166 219
219 2
138 220
220 84
51 221
221 29
4 222
222 85
92 223
223 58
147 224
224 138
85 225
225 122
80 226
226 167
84 227
227 144
71 228
228 180
35 229
229 30
63 230
230 166
149 231
231 111
131 232
232 163
100 233
233 134
178 234
234 98
12 235
235 7
130 236
236 184
183 237
237 73
21 238
238 76
175 239
239 70
100 240
240 185
138 241
241 116
29 242
242 184
133 243
243 59
131 244
244 94
82 245
245 136
97 246
246 2
133 247
247 83
54 248
248 160
186 249
249 57
185 250
250 106
1 251
251 120
56 252
252 11
159 253
253 72
161 254
254 172
80 255
255 95
109 256
256 110
78 257
257 62
181 258
258 54
117 259
259 40
181 260
260 30
76 261
261 114
136 262
262 146
133 263
263 64
168 264
264 145
3 265
265 39
20 266
266 143
137 267
267 166
131 268
268 166
178 269
269 57
128 270
270 60

326 1894
161 99
294 257
156 160
213 234
141 264
71 252
93 15
149 184
100 199
158 46
162 53
239 65
223 155
150 169
244 60
83 246
249 175
323 250
38 228
60 81
228 165
232 32
69 269
217 71
39 127
188 320
171 79
33 34
287 235
307 114
93 8
179 267
34 3
137 173
84 247
34 153
324 243
17 202
36 271
121 240
48 245
258 71
190 188
92 149
44 269
313 283
61 56
262 91
28 295
203 196
186 321
137 214
212 43
125 257
108 319
109 18
168 49
212 154
141 162
81 245
185 120
13 131
244 288
156 271
285 173
16 20
148 174
80 241
153 221
6 265
317 167
106 135
247 311
24 214
212 50
303 302
88 192
271 268
280 316
91 202
293 85
44 119
192 221
88 286
318 229
171 195
64 263
253 209
303 326
326 54
319 305
296 101
282 184
65 312
30 64
142 115
180 162
113 193
186 137
167 89
138 199
62 138
324 127
206 127
105 104
281 187
221 87
201 155
173 101
192 89
290 268
110 245
22 193
64 119
263 116
182 76
108 16
263 302
251 179
8 201
213 144
235 143
136 216
229 48
212 177
198 223
10 85
305 174
236 309
39 128
67 203
287 300
239 146
277 262
80 78
266 162
68 106
87 261
195 54
57 287
6 160
62 93
40 186
10 175
194 77
159 119
106 276
273 173
148 49
276 238
321 118
159 4
19 251
168 20
205 326
22 260
283 190
315 180
134 294
73 106
325 15
256 183
299 175
9 88
66 27
168 57
311 81
301 155
106 117
70 23
108 222
38 44
27 315
192 304
106 279
180 111
37 125
135 314
266 39
37 206
113 21
260 86
6 45
9 287
295 32
321 64
304 184
112 272
46 231
256 287
196 156
95 304
318 282
101 106
119 14
112 279
194 143
68 63
273 248
310 135
320 61
68 256
107 231
161 280
326 7
110 304
4 271
299 35
91 133
147 151
96 200
264 238
139 68
36 15
148 254
313 236
243 56
176 207
177 215
69 65
125 36
108 28
220 211
41 109
49 29
16 285
113 56
25 84
24 284
63 80
54 72
146 233
131 39
113 282
237 133
174 156
52 150
1 314
130 222
249 155
322 236
254 89
169 13
280 211
63 200
23 40
234 173
146 81
240 188
62 325
302 105
234 316
142 221
90 244
56 233
101 172
306 295
224 164
295 252
315 95
229 72
251 55
197 324
181 245
278 143
244 94
178 51
163 144
148 292
45 236
164 282
224 204
260 282
47 105
103 124
196 290
216 43
270 215
257 277
270 70
293 303
132 99
150 262
104 45
283 201
234 159
164 233
59 277
11 93
286 209
59 130
31 129
9 7
88 125
199 268
60 227
137 171
212 38
18 222
48 106
209 134
28 11
140 154
31 14
1 47
38 116
59 298
169 235
279 289
267 281
231 40
253 27
314 248
101 199
313 66
59 8
24 22
107 177
182 246
284 180
158 304
64 170
171 71
251 312
325 44
182 16
153 270
66 34
37 62
111 27
241 8
243 147
288 71
77 40
295 113
150 299
283 220
249 41
3 128
191 177
120 1
216 152
149 210
9 58
247 126
199 251
128 83
24 100
246 306
246 231
165 264
258 167
136 2
148 199
210 53
124 115
141 299
140 59
109 252
56 2
185 175
321 262
172 278
325 229
162 201
99 226
79 321
110 98
147 212
152 137
135 64
28 158
266 177
271 127
291 208
281 97
29 185
103 150
146 188
293 191
260 115
192 146
254 145
28 102
86 276
123 2
134 309
320 172
92 269
58 198
246 89
141 47
69 11
63 184
137 241
162 219
55 89
188 49
120 156
304 99
165 180
239 157
224 261
123 227
74 63
53 148
310 184
313 319
295 300
298 45
160 198
142 271
127 247
20 5
130 152
142 69
255 27
39 184
99 40
230 152
253 89
168 164
95 188
278 57
117 207
33 208
31 260
287 74
254 59
56 30
112 139
21 309
249 102
127 77
277 81
189 207
49 271
69 85
292 244
94 103
5 3
123 110
296 300
214 243
299 52
111 90
265 319
31 62
259 236
140 89
146 304
241 246
260 312
99 272
103 34
255 263
16 102
162 29
220 222
293 203
280 80
10 89
161 211
41 243
65 162
127 115
74 77
276 318
120 184
316 196
87 296
271 161
153 148
174 258
179 245
128 27
130 307
227 10
85 168
126 106
185 79
149 90
223 94
117 50
172 118
45 128
46 246
197 176
10 120
172 5
32 325
31 322
130 196
300 226
324 146
219 83
111 97
318 261
66 239
68 159
180 302
91 157
273 274
147 159
234 306
179 82
41 36
187 18
297 227
280 165
177 88
255 84
274 8
97 143
131 100
78 285
211 210
31 18
115 165
100 76
213 230
69 161
287 254
272 77
280 123
296 270
243 9
118 45
136 294
151 195
274 3
3 22
186 282
295 76
83 292
48 279
158 220
72 200
186 80
326 24
191 156
11 39
232 67
234 292
244 1
61 43
121 187
12 62
33 135
143 78
246 152
323 247
107 265
90 323
39 62
203 160
171 59
281 212
264 60
235 123
104 117
30 285
289 133
291 233
241 140
152 214
248 202
11 173
106 168
52 108
235 324
70 29
152 69
281 44
51 300
1 189
45 221
233 69
253 26
200 154
219 150
1 95
310 195
167 149
26 65
158 23
36 186
256 11
40 317
277 176
170 26
299 239
45 52
320 104
319 224
96 319
24 134
8 64
278 299
272 26
98 219
270 318
182 17
316 245
316 290
213 304
13 179
179 183
3 229
80 139
173 120
218 265
65 106
212 164
324 11
253 187
244 290
279 310
33 50
308 124
3 272
6 186
227 315
143 295
17 41
112 105
203 255
76 71
14 106
142 110
289 118
27 314
99 26
255 207
169 221
285 164
280 74
132 297
84 159
174 210
289 274
127 219
302 189
2 265
40 108
228 91
304 118
226 314
150 96
171 173
211 114
106 305
165 18
295 313
71 28
177 23
287 94
153 94
248 92
321 122
29 297
123 50
214 314
24 301
145 125
209 218
284 153
10 211
235 129
272 149
99 324
174 220
91 53
55 43
43 182
316 8
228 311
29 290
74 86
42 191
228 73
92 195
148 221
21 73
120 268
29 25
264 299
176 189
289 293
40 263
205 62
300 201
302 214
108 276
109 237
54 301
223 101
109 307
201 82
183 269
317 81
123 302
218 221
151 263
138 39
82 307
18 129
323 221
202 2
6 40
118 301
155 152
284 119
213 87
182 164
187 299
277 80
171 120
305 303
310 24
96 148
38 6
175 124
92 283
244 206
172 168
247 83
107 318
181 150
78 262
113 316
282 208
2 228
132 42
206 49
298 318
299 68
166 249
198 174
165 63
222 32
251 45
287 59
72 275
53 287
271 200
41 242
89 43
15 280
117 40
200 113
291 282
226 309
167 194
170 162
211 28
127 261
7 223
83 214
105 197
200 303
56 52
227 13
233 214
307 229
108 197
40 61
22 294
23 172
157 48
198 265
126 176
227 165
136 313
249 144
19 29
81 85
83 281
265 158
29 280
213 107
234 160
295 46
261 234
251 281
218 9
92 181
113 280
6 237
123 156
208 297
268 293
130 258
134 208
179 291
143 162
273 266
303 64
258 126
169 246
278 101
128 62
128 264
124 202
287 142
6 119
7 202
177 80
204 308
42 228
308 234
152 278
118 138
124 82
215 222
200 109
1 76
148 149
122 40
158 42
195 206
70 269
185 136
223 159
208 295
28 324
141 35
197 134
183 87
25 45
45 82
232 60
175 260
90 134
18 116
92 19
55 159
222 54
283 120
303 117
125 85
200 148
131 188
207 4
263 317
270 220
149 310
322 247
232 35
158 207
20 180
314 28
99 104
191 141
174 79
213 325
70 236
237 191
239 218
117 143
222 241
187 49
5 90
137 210
247 27
158 167
311 293
41 193
64 110
105 316
127 13
129 105
169 210
152 182
56 135
292 165
225 142
26 73
266 21
124 289
257 139
155 161
324 229
112 194
192 170
283 261
89 99
241 293
208 42
73 74
132 291
139 43
225 240
134 31
169 262
207 107
121 238
175 82
72 123
200 176
112 18
246 77
138 74
323 74
180 62
21 287
226 249
45 30
173 105
175 176
158 152
218 280
143 32
64 115
233 151
161 5
116 196
262 176
231 78
217 209
75 159
275 122
64 273
155 7
321 200
158 112
276 258
28 56
150 323
26 280
134 9
83 156
29 296
160 57
127 80
313 304
311 265
173 296
49 173
325 125
165 137
21 79
218 97
28 151
230 298
219 202
2 35
270 221
149 235
227 154
321 193
30 38
54 184
82 132
68 183
270 53
278 181
46 209
33 108
81 280
214 28
256 119
93 123
104 214
125 67
36 231
273 162
58 261
258 323
223 215
244 104
137 248
322 292
242 2
48 130
231 228
168 166
223 318
119 249
263 244
267 241
73 111
221 191
80 215
316 168
155 234
141 19
183 103
246 216
265 308
232 236
231 140
165 211
167 126
266 192
278 54
320 179
183 225
103 39
16 97
150 252
319 170
35 172
246 173
220 112
224 115
25 70
207 319
9 284
1 253
55 217
22 277
266 203
58 105
11 149
145 49
112 44
205 87
151 255
250 182
256 203
78 270
63 222
191 21
232 139
198 73
255 8
60 42
43 34
120 186
121 44
297 102
191 203
80 188
81 194
160 228
2 324
113 4
83 275
94 316
279 257
126 294
310 226
94 207
22 109
243 61
171 296
44 58
190 17
85 109
218 190
280 160
18 249
21 156
24 165
50 115
14 117
273 272
231 1
251 280
93 32
277 297
122 39
106 248
234 323
201 199
240 102
223 168
136 289
63 307
174 274
183 64
186 228
46 151
54 280
39 76
205 281
135 114
49 245
146 223
317 134
216 39
143 67
273 224
257 174
80 161
137 190
74 28
202 41
169 288
146 71
255 189
239 215
261 108
38 150
40 251
262 5
218 314
166 42
223 47
109 180
4 32
98 199
99 98
118 130
214 236
11 207
290 11
92 131
129 143
275 88
162 49
236 72
113 72
187 59
136 129
311 303
39 305
60 109
261 188
66 241
141 172
203 40
315 153
45 219
303 125
255 163
276 81
239 226
51 125
272 195
281 59
102 173
11 309
311 292
223 29
240 219
141 310
201 27
2 92
94 149
77 195
153 216
124 239
205 31
72 300
156 65
232 18
107 56
61 77
173 222
176 147
104 266
307 175
147 311
24 289
169 261
229 227
194 263
32 86
152 133
25 185
267 257
237 169
303 322
124 253
142 313
254 2
110 263
257 132
316 301
96 27
304 104
145 277
221 34
319 120
119 237
255 264
76 224
317 266
100 238
322 160
84 23
307 189
169 188
51 128
288 222
145 270
256 311
170 286
119 234
29 30
197 164
257 296
80 218
259 103
29 143
291 35
112 144
294 61
62 41
85 136
291 251
288 102
133 258
190 312
86 290
287 296
168 142
230 290
198 187
64 187
100 211
13 206
53 258
278 210
228 312
87 56
180 187
220 18
183 158
259 289
299 72
158 285
252 104
272 118
74 277
167 209
323 83
154 70
248 149
214 20
18 259
276 2
132 271
225 187
8 309
320 44
199 209
23 18
316 24
163 202
62 170
32 137
304 5
307 1
2 154
314 213
260 316
83 93
92 277
58 222
126 236
127 230
202 11
114 297
222 206
133 236
9 259
126 127
182 189
241 282
41 325
24 192
48 177
122 152
33 118
215 319
147 250
296 277
24 177
194 35
13 307
57 310
312 42
178 23
138 17
85 315
223 205
64 63
103 317
142 93
253 315
21 250
4 70
154 32
211 177
325 175
183 282
260 290
319 97
250 79
128 111
292 296
247 35
269 72
160 84
34 287
189 215
317 2
157 14
70 143
219 182
293 105
77 300
219 39
66 123
13 235
71 309
206 153
284 85
269 263
70 119
57 34
142 222
201 117
296 266
64 299
211 44
277 153
303 259
306 110
215 40
198 32
256 209
150 264
6 13
281 165
183 240
176 98
77 222
5 220
136 59
287 136
324 220
278 272
261 312
281 39
65 325
55 109
293 290
289 272
296 47
63 253
66 307
88 145
71 109
164 238
205 273
40 223
269 138
128 220
219 320
152 210
117 320
178 196
220 180
224 191
95 281
150 171
83 321
34 126
313 50
277 28
79 273
154 15
35 256
218 224
250 106
324 319
203 205
203 272
264 87
321 154
43 316
231 326
189 96
243 310
210 8
8 43
3 73
182 29
220 320
148 165
97 64
185 307
256 14
114 283
242 292
78 205
63 155
140 318
291 218
136 24
249 36
127 15
148 317
95 86
5 175
262 205
28 141
123 265
268 41
71 233
309 217
261 70
213 317
89 314
170 203
6 81
252 223
21 193
43 220
97 103
293 87
285 168
33 55
148 171
138 65
251 127
268 183
19 117
157 212
106 19
171 24
299 111
63 30
138 278
230 240
86 286
297 21
208 35
283 70
194 202
188 196
138 72
266 5
215 269
54 172
238 313
297 311
299 215
31 89
109 255
255 250
40 14
205 295
152 141
12 124
123 284
275 124
224 250
5 43
10 166
250 137
127 205
185 180
42 32
23 6
227 228
229 131
87 37
126 64
55 92
22 218
61 288
63 12
263 115
163 272
195 301
51 48
143 21
240 87
299 180
86 65
257 149
148 55
44 315
17 162
183 128
4 123
279 230
181 90
60 304
84 320
175 107
32 235
41 115
4 129
201 136
78 315
62 209
45 7
38 46
258 135
25 235
173 280
87 168
219 272
244 264
12 105
303 47
217 298
237 140
37 127
220 305
168 311
295 289
227 138
234 5
141 17
125 140
127 248
25 67
58 127
83 70
162 233
129 45
111 190
67 256
266 283
158 261
215 289
289 234
254 324
128 227
293 125
294 325
12 96
127 272
201 41
202 185
238 166
43 257
123 98
14 296
257 248
153 63
306 218
203 27
279 269
49 260
284 248
325 95
218 59
22 81
260 292
81 257
27 134
45 283
105 48
233 11
205 85
281 74
269 78
127 238
178 8
210 194
264 131
128 241
111 317
314 228
172 10
50 276
287 156
130 201
62 98
179 258
102 100
302 241
271 323
294 287
212 230
56 224
169 26
262 135
277 159
261 309
83 224
252 166
199 180
187 142
6 11
229 263
160 108
144 246
236 191
163 233
169 325
240 124
193 20
284 280
230 179
152 197
134 144
302 289
297 139
198 150
73 50
273 237
94 71
85 213
30 117
288 57
162 149
132 122
247 161
89 3
290 305
2 199
60 49
101 326
30 279
271 11
238 218
153 194
290 102
280 151
297 232
57 136
151 114
242 160
243 18
117 186
91 87
104 129
268 140
205 114
150 168
282 167
86 128
293 298
305 28
56 322
311 321
257 105
287 232
243 27
31 215
274 222
135 256
34 320
87 11
260 44
29 112
135 202
50 21
169 238
80 106
99 109
3 294
308 185
27 73
155 60
102 208
320 111
111 25
151 40
104 286
144 186
255 116
44 232
75 28
313 172
24 324
99 146
100 59
52 207
307 65
92 147
274 266
204 2
227 310
272 316
319 21
285 95
131 77
107 99
14 33
258 134
42 285
316 326
263 148
140 20
143 57
128 185
242 276
137 112
17 271
13 221
80 134
198 127
239 284
168 62
62 133
288 194
144 199
165 132
256 232
168 205
242 108
152 135
46 50
103 7
285 160
33 207
307 79
239 242
131 157
133 124
136 208
182 280
163 67
183 28
151 55
146 278
116 80
133 286
134 164
320 315
67 195
76 147
166 222
294 169
167 181
133 101
227 150
136 210
192 274
224 106
323 167
142 124
81 251
283 206
207 213
58 80
169 72
317 91
177 326
77 229
245 233
100 151
91 9
41 154
155 142
127 90
276 295
63 52
292 124
239 152
116 280
62 265
37 274
112 58
227 132
47 44
195 111
127 242
25 124
324 195
196 77
90 263
48 99
24 244
23 132
176 74
170 270
151 288
197 34
180 110
297 129
103 184
73 126
147 281
276 243
24 76
86 195
181 58
152 304
27 275
68 55
306 179
164 85
221 4
191 198
32 309
140 46
218 160
148 94
243 216
82 221
158 83
125 132
4 263
206 138
135 250
32 19
269 282
325 205
109 219
21 262
96 48
154 39
27 244
283 130
212 209
325 94
239 183
262 138
129 284
41 101
61 122
103 174
15 162
141 133
60 182
318 284
48 219
89 235
198 76
181 12
312 213
223 92
116 186
279 261
248 317
283 155
70 138
218 3
111 316
260 300
191 244
25 270
305 27
184 126
129 216
103 167
305 116
201 171
169 306
133 220
28 38
260 209
26 252
49 309
54 268
55 294
46 235
78 125
171 301
106 177
179 80
291 65
292 238
262 23
63 311
86 124
250 310
252 22
42 308
60 59
45 244
70 132
128 192
57 145
94 181
8 128
248 186
195 168
201 196
262 242
297 230
82 193
204 313
46 154
310 64
114 10
279 272
283 110
54 69
1 79
55 308
98 163
268 202
118 215
132 211
248 48
252 181
72 307
150 257
202 322
281 214
282 204
283 246
